LabVIEW Measurement	
Writer_Version	2
Reader_Version	2
Separator	Tab
Decimal_Separator	.
Multi_Headings	No
X_Columns	Multi
Time_Pref	Absolute
Operator	mmolter
Date	2018/09/11
Time	13:51:46.7516924300347638094
***End_of_Header***	
	
Channels	1	
Samples	5000	
Date	2018/09/11	
Time	13:51:46.7516924300347638094	
Y_Unit_Label	Volts	
X_Dimension	Time	
X0	0.0000000000000000E+0	
Delta_X	0.001000	
***End_of_Header***		
X_Value	Voltage	Comment
0.000000	0.405066
0.001000	0.405388
0.002000	0.405002
0.003000	0.405195
0.004000	0.404905
0.005000	0.405260
0.006000	0.405163
0.007000	0.405099
0.008000	0.405195
0.009000	0.405131
0.010000	0.405421
0.011000	0.405195
0.012000	0.405099
0.013000	0.405195
0.014000	0.404680
0.015000	0.405099
0.016000	0.404841
0.017000	0.405002
0.018000	0.405260
0.019000	0.405002
0.020000	0.405195
0.021000	0.404873
0.022000	0.405453
0.023000	0.405163
0.024000	0.405421
0.025000	0.405260
0.026000	0.404938
0.027000	0.405227
0.028000	0.405099
0.029000	0.404841
0.030000	0.404905
0.031000	0.405549
0.032000	0.405614
0.033000	0.405195
0.034000	0.405485
0.035000	0.404905
0.036000	0.405195
0.037000	0.405163
0.038000	0.404938
0.039000	0.405517
0.040000	0.405163
0.041000	0.405549
0.042000	0.405034
0.043000	0.404841
0.044000	0.405292
0.045000	0.404648
0.046000	0.405485
0.047000	0.404970
0.048000	0.405292
0.049000	0.404777
0.050000	0.405260
0.051000	0.405131
0.052000	0.405227
0.053000	0.405002
0.054000	0.404873
0.055000	0.404938
0.056000	0.405227
0.057000	0.405034
0.058000	0.404970
0.059000	0.404970
0.060000	0.405195
0.061000	0.404841
0.062000	0.405163
0.063000	0.405034
0.064000	0.405099
0.065000	0.405195
0.066000	0.405099
0.067000	0.405517
0.068000	0.404809
0.069000	0.405195
0.070000	0.405034
0.071000	0.405163
0.072000	0.405099
0.073000	0.405260
0.074000	0.405388
0.075000	0.404712
0.076000	0.405421
0.077000	0.405131
0.078000	0.405324
0.079000	0.404938
0.080000	0.405066
0.081000	0.405131
0.082000	0.405002
0.083000	0.405388
0.084000	0.405324
0.085000	0.405356
0.086000	0.404905
0.087000	0.404938
0.088000	0.405260
0.089000	0.405034
0.090000	0.405356
0.091000	0.405227
0.092000	0.405195
0.093000	0.405163
0.094000	0.404938
0.095000	0.405324
0.096000	0.404905
0.097000	0.405453
0.098000	0.404970
0.099000	0.405034
0.100000	0.405066
0.101000	0.405163
0.102000	0.405195
0.103000	0.404873
0.104000	0.405163
0.105000	0.405195
0.106000	0.405131
0.107000	0.405356
0.108000	0.404648
0.109000	0.405131
0.110000	0.404938
0.111000	0.405227
0.112000	0.405195
0.113000	0.404938
0.114000	0.405002
0.115000	0.404873
0.116000	0.405163
0.117000	0.404970
0.118000	0.405324
0.119000	0.404777
0.120000	0.405163
0.121000	0.405163
0.122000	0.404970
0.123000	0.405260
0.124000	0.405646
0.125000	0.405195
0.126000	0.404938
0.127000	0.404905
0.128000	0.405324
0.129000	0.404777
0.130000	0.405131
0.131000	0.404905
0.132000	0.405099
0.133000	0.404712
0.134000	0.404970
0.135000	0.405163
0.136000	0.405066
0.137000	0.405582
0.138000	0.404809
0.139000	0.405614
0.140000	0.404841
0.141000	0.405292
0.142000	0.404841
0.143000	0.405066
0.144000	0.405195
0.145000	0.405034
0.146000	0.405131
0.147000	0.405356
0.148000	0.405099
0.149000	0.405002
0.150000	0.405002
0.151000	0.405002
0.152000	0.405002
0.153000	0.405260
0.154000	0.405388
0.155000	0.405195
0.156000	0.405227
0.157000	0.404970
0.158000	0.405356
0.159000	0.404905
0.160000	0.405388
0.161000	0.405195
0.162000	0.404970
0.163000	0.405260
0.164000	0.404970
0.165000	0.405775
0.166000	0.405388
0.167000	0.405775
0.168000	0.405388
0.169000	0.405195
0.170000	0.405549
0.171000	0.405099
0.172000	0.405388
0.173000	0.405260
0.174000	0.405421
0.175000	0.405646
0.176000	0.405517
0.177000	0.405582
0.178000	0.405195
0.179000	0.405453
0.180000	0.404777
0.181000	0.404873
0.182000	0.404841
0.183000	0.404616
0.184000	0.405066
0.185000	0.405034
0.186000	0.405034
0.187000	0.404970
0.188000	0.404938
0.189000	0.405356
0.190000	0.405292
0.191000	0.405549
0.192000	0.405002
0.193000	0.404841
0.194000	0.404680
0.195000	0.404455
0.196000	0.405066
0.197000	0.405034
0.198000	0.405260
0.199000	0.405002
0.200000	0.405034
0.201000	0.405034
0.202000	0.405099
0.203000	0.405517
0.204000	0.404712
0.205000	0.405034
0.206000	0.405002
0.207000	0.404970
0.208000	0.405099
0.209000	0.404970
0.210000	0.405421
0.211000	0.404938
0.212000	0.405227
0.213000	0.404970
0.214000	0.405034
0.215000	0.404744
0.216000	0.404261
0.217000	0.405260
0.218000	0.404648
0.219000	0.404970
0.220000	0.405002
0.221000	0.405099
0.222000	0.404970
0.223000	0.405324
0.224000	0.405421
0.225000	0.404905
0.226000	0.405292
0.227000	0.405034
0.228000	0.404905
0.229000	0.405099
0.230000	0.405260
0.231000	0.405356
0.232000	0.405356
0.233000	0.405388
0.234000	0.405260
0.235000	0.405099
0.236000	0.405356
0.237000	0.405002
0.238000	0.405549
0.239000	0.405292
0.240000	0.405131
0.241000	0.405292
0.242000	0.405227
0.243000	0.405227
0.244000	0.404905
0.245000	0.405195
0.246000	0.405066
0.247000	0.405195
0.248000	0.405131
0.249000	0.404744
0.250000	0.405195
0.251000	0.404809
0.252000	0.405453
0.253000	0.404873
0.254000	0.405163
0.255000	0.405002
0.256000	0.405034
0.257000	0.405421
0.258000	0.405131
0.259000	0.404841
0.260000	0.405131
0.261000	0.404938
0.262000	0.404905
0.263000	0.404777
0.264000	0.405227
0.265000	0.404938
0.266000	0.405260
0.267000	0.405034
0.268000	0.405195
0.269000	0.404905
0.270000	0.404873
0.271000	0.405260
0.272000	0.405034
0.273000	0.405034
0.274000	0.405163
0.275000	0.405292
0.276000	0.405066
0.277000	0.404873
0.278000	0.405388
0.279000	0.404809
0.280000	0.405260
0.281000	0.404809
0.282000	0.404905
0.283000	0.405066
0.284000	0.405163
0.285000	0.405195
0.286000	0.405163
0.287000	0.405034
0.288000	0.405227
0.289000	0.405388
0.290000	0.405099
0.291000	0.405163
0.292000	0.404938
0.293000	0.405002
0.294000	0.405099
0.295000	0.405227
0.296000	0.405066
0.297000	0.405131
0.298000	0.405131
0.299000	0.405099
0.300000	0.404841
0.301000	0.405485
0.302000	0.405034
0.303000	0.405131
0.304000	0.405066
0.305000	0.405260
0.306000	0.405099
0.307000	0.404905
0.308000	0.405260
0.309000	0.404777
0.310000	0.404905
0.311000	0.404905
0.312000	0.404873
0.313000	0.405292
0.314000	0.404809
0.315000	0.404938
0.316000	0.405034
0.317000	0.404809
0.318000	0.405388
0.319000	0.405260
0.320000	0.405356
0.321000	0.405131
0.322000	0.405099
0.323000	0.405099
0.324000	0.405195
0.325000	0.405066
0.326000	0.404583
0.327000	0.405034
0.328000	0.405163
0.329000	0.405549
0.330000	0.405163
0.331000	0.405195
0.332000	0.405163
0.333000	0.404583
0.334000	0.405034
0.335000	0.405131
0.336000	0.405260
0.337000	0.405163
0.338000	0.405066
0.339000	0.405131
0.340000	0.404905
0.341000	0.405034
0.342000	0.404970
0.343000	0.405163
0.344000	0.405002
0.345000	0.404938
0.346000	0.405421
0.347000	0.405099
0.348000	0.404938
0.349000	0.405195
0.350000	0.404938
0.351000	0.405421
0.352000	0.405131
0.353000	0.405453
0.354000	0.405034
0.355000	0.404905
0.356000	0.405099
0.357000	0.405099
0.358000	0.405388
0.359000	0.404873
0.360000	0.405227
0.361000	0.405066
0.362000	0.405131
0.363000	0.405260
0.364000	0.404938
0.365000	0.405324
0.366000	0.404938
0.367000	0.405131
0.368000	0.404970
0.369000	0.404744
0.370000	0.405388
0.371000	0.405066
0.372000	0.405227
0.373000	0.405163
0.374000	0.405388
0.375000	0.404905
0.376000	0.404873
0.377000	0.405388
0.378000	0.405099
0.379000	0.405163
0.380000	0.404873
0.381000	0.405099
0.382000	0.405163
0.383000	0.405292
0.384000	0.405260
0.385000	0.404809
0.386000	0.405292
0.387000	0.405163
0.388000	0.405324
0.389000	0.405227
0.390000	0.404744
0.391000	0.405549
0.392000	0.405066
0.393000	0.405324
0.394000	0.405324
0.395000	0.404905
0.396000	0.405002
0.397000	0.404841
0.398000	0.405485
0.399000	0.404938
0.400000	0.405034
0.401000	0.405099
0.402000	0.405099
0.403000	0.405292
0.404000	0.404873
0.405000	0.405131
0.406000	0.405163
0.407000	0.405099
0.408000	0.405195
0.409000	0.404744
0.410000	0.405099
0.411000	0.404938
0.412000	0.405002
0.413000	0.404583
0.414000	0.405131
0.415000	0.405066
0.416000	0.405034
0.417000	0.405549
0.418000	0.405066
0.419000	0.405260
0.420000	0.404873
0.421000	0.404777
0.422000	0.405163
0.423000	0.405131
0.424000	0.405421
0.425000	0.405034
0.426000	0.405163
0.427000	0.404809
0.428000	0.404712
0.429000	0.405227
0.430000	0.405260
0.431000	0.405292
0.432000	0.404970
0.433000	0.405195
0.434000	0.405002
0.435000	0.404938
0.436000	0.405260
0.437000	0.404938
0.438000	0.405356
0.439000	0.404970
0.440000	0.405131
0.441000	0.405453
0.442000	0.405292
0.443000	0.405485
0.444000	0.404873
0.445000	0.405163
0.446000	0.404905
0.447000	0.405549
0.448000	0.405260
0.449000	0.405421
0.450000	0.405002
0.451000	0.405099
0.452000	0.405227
0.453000	0.404809
0.454000	0.405131
0.455000	0.404970
0.456000	0.405614
0.457000	0.405517
0.458000	0.405356
0.459000	0.405195
0.460000	0.404841
0.461000	0.404970
0.462000	0.405131
0.463000	0.405292
0.464000	0.405260
0.465000	0.405227
0.466000	0.405292
0.467000	0.404905
0.468000	0.405099
0.469000	0.405163
0.470000	0.405002
0.471000	0.405195
0.472000	0.404905
0.473000	0.405227
0.474000	0.404744
0.475000	0.405227
0.476000	0.405034
0.477000	0.405034
0.478000	0.405227
0.479000	0.405002
0.480000	0.405099
0.481000	0.405066
0.482000	0.405260
0.483000	0.405292
0.484000	0.404970
0.485000	0.405388
0.486000	0.404744
0.487000	0.404970
0.488000	0.405066
0.489000	0.405099
0.490000	0.405453
0.491000	0.405388
0.492000	0.405099
0.493000	0.404777
0.494000	0.405195
0.495000	0.405002
0.496000	0.405034
0.497000	0.405034
0.498000	0.405034
0.499000	0.405485
0.500000	0.405034
0.501000	0.405485
0.502000	0.405034
0.503000	0.405227
0.504000	0.405227
0.505000	0.405227
0.506000	0.405582
0.507000	0.404744
0.508000	0.405292
0.509000	0.405388
0.510000	0.404970
0.511000	0.405227
0.512000	0.404873
0.513000	0.405034
0.514000	0.405131
0.515000	0.404809
0.516000	0.405002
0.517000	0.404873
0.518000	0.405324
0.519000	0.405099
0.520000	0.405227
0.521000	0.404873
0.522000	0.405421
0.523000	0.405131
0.524000	0.405388
0.525000	0.405227
0.526000	0.405002
0.527000	0.405260
0.528000	0.404841
0.529000	0.404970
0.530000	0.404938
0.531000	0.405195
0.532000	0.405163
0.533000	0.405099
0.534000	0.405131
0.535000	0.404938
0.536000	0.404905
0.537000	0.405356
0.538000	0.405131
0.539000	0.405260
0.540000	0.405388
0.541000	0.405388
0.542000	0.405099
0.543000	0.405002
0.544000	0.405775
0.545000	0.405131
0.546000	0.405099
0.547000	0.405066
0.548000	0.405260
0.549000	0.405099
0.550000	0.405324
0.551000	0.405743
0.552000	0.404648
0.553000	0.405292
0.554000	0.404873
0.555000	0.405292
0.556000	0.405324
0.557000	0.405324
0.558000	0.405421
0.559000	0.405002
0.560000	0.405066
0.561000	0.404873
0.562000	0.405227
0.563000	0.405195
0.564000	0.405066
0.565000	0.405324
0.566000	0.404938
0.567000	0.405260
0.568000	0.405099
0.569000	0.405034
0.570000	0.405034
0.571000	0.404873
0.572000	0.405195
0.573000	0.405292
0.574000	0.405453
0.575000	0.405292
0.576000	0.405066
0.577000	0.405227
0.578000	0.405099
0.579000	0.405324
0.580000	0.405002
0.581000	0.405002
0.582000	0.404970
0.583000	0.405324
0.584000	0.405453
0.585000	0.404712
0.586000	0.405034
0.587000	0.404873
0.588000	0.405099
0.589000	0.405034
0.590000	0.405227
0.591000	0.405356
0.592000	0.405099
0.593000	0.405099
0.594000	0.405066
0.595000	0.404648
0.596000	0.405163
0.597000	0.405034
0.598000	0.405163
0.599000	0.404970
0.600000	0.405388
0.601000	0.405066
0.602000	0.404873
0.603000	0.404938
0.604000	0.405195
0.605000	0.405356
0.606000	0.404970
0.607000	0.405260
0.608000	0.405099
0.609000	0.405388
0.610000	0.404841
0.611000	0.404744
0.612000	0.404873
0.613000	0.405099
0.614000	0.405195
0.615000	0.405066
0.616000	0.405195
0.617000	0.405421
0.618000	0.404777
0.619000	0.405260
0.620000	0.405292
0.621000	0.405227
0.622000	0.405163
0.623000	0.404938
0.624000	0.405292
0.625000	0.405002
0.626000	0.405195
0.627000	0.404970
0.628000	0.405260
0.629000	0.405227
0.630000	0.405131
0.631000	0.405131
0.632000	0.404970
0.633000	0.405227
0.634000	0.405260
0.635000	0.405195
0.636000	0.405324
0.637000	0.404744
0.638000	0.405227
0.639000	0.405099
0.640000	0.405517
0.641000	0.405356
0.642000	0.404905
0.643000	0.405195
0.644000	0.404616
0.645000	0.405131
0.646000	0.404873
0.647000	0.405356
0.648000	0.405034
0.649000	0.405356
0.650000	0.404680
0.651000	0.404777
0.652000	0.404905
0.653000	0.405163
0.654000	0.405002
0.655000	0.405131
0.656000	0.405131
0.657000	0.405678
0.658000	0.404938
0.659000	0.405260
0.660000	0.405099
0.661000	0.404938
0.662000	0.405002
0.663000	0.404873
0.664000	0.405421
0.665000	0.405388
0.666000	0.405485
0.667000	0.405066
0.668000	0.405034
0.669000	0.405002
0.670000	0.404938
0.671000	0.405356
0.672000	0.405163
0.673000	0.405453
0.674000	0.405163
0.675000	0.405034
0.676000	0.404970
0.677000	0.404970
0.678000	0.405002
0.679000	0.405292
0.680000	0.405195
0.681000	0.405066
0.682000	0.404809
0.683000	0.404905
0.684000	0.404938
0.685000	0.405227
0.686000	0.405292
0.687000	0.405388
0.688000	0.405421
0.689000	0.405163
0.690000	0.405549
0.691000	0.404970
0.692000	0.405131
0.693000	0.404841
0.694000	0.405002
0.695000	0.405034
0.696000	0.405066
0.697000	0.405163
0.698000	0.405131
0.699000	0.405066
0.700000	0.405002
0.701000	0.405163
0.702000	0.405002
0.703000	0.405099
0.704000	0.405099
0.705000	0.404809
0.706000	0.405582
0.707000	0.405453
0.708000	0.405388
0.709000	0.405421
0.710000	0.405260
0.711000	0.405227
0.712000	0.405099
0.713000	0.405227
0.714000	0.405099
0.715000	0.404873
0.716000	0.405388
0.717000	0.405002
0.718000	0.405356
0.719000	0.405131
0.720000	0.404970
0.721000	0.405260
0.722000	0.404680
0.723000	0.405099
0.724000	0.405195
0.725000	0.405066
0.726000	0.405099
0.727000	0.405066
0.728000	0.405163
0.729000	0.405034
0.730000	0.405163
0.731000	0.404777
0.732000	0.405034
0.733000	0.404970
0.734000	0.405034
0.735000	0.405356
0.736000	0.404873
0.737000	0.405163
0.738000	0.405099
0.739000	0.405034
0.740000	0.405227
0.741000	0.405099
0.742000	0.405260
0.743000	0.404616
0.744000	0.404744
0.745000	0.405549
0.746000	0.405002
0.747000	0.405163
0.748000	0.404970
0.749000	0.405163
0.750000	0.405099
0.751000	0.405066
0.752000	0.405163
0.753000	0.405034
0.754000	0.405099
0.755000	0.404873
0.756000	0.405034
0.757000	0.405388
0.758000	0.404616
0.759000	0.405356
0.760000	0.405034
0.761000	0.405066
0.762000	0.405099
0.763000	0.404905
0.764000	0.405034
0.765000	0.405034
0.766000	0.405099
0.767000	0.404744
0.768000	0.405356
0.769000	0.405131
0.770000	0.405195
0.771000	0.404970
0.772000	0.405163
0.773000	0.405163
0.774000	0.405002
0.775000	0.405227
0.776000	0.405163
0.777000	0.405002
0.778000	0.405292
0.779000	0.405034
0.780000	0.405388
0.781000	0.405002
0.782000	0.405131
0.783000	0.405292
0.784000	0.404905
0.785000	0.405260
0.786000	0.405163
0.787000	0.405324
0.788000	0.404616
0.789000	0.404938
0.790000	0.405421
0.791000	0.404841
0.792000	0.405260
0.793000	0.405002
0.794000	0.405260
0.795000	0.405292
0.796000	0.405163
0.797000	0.405388
0.798000	0.405195
0.799000	0.405227
0.800000	0.405002
0.801000	0.405034
0.802000	0.405260
0.803000	0.404583
0.804000	0.405260
0.805000	0.405163
0.806000	0.405034
0.807000	0.405324
0.808000	0.404841
0.809000	0.405485
0.810000	0.404938
0.811000	0.405099
0.812000	0.404938
0.813000	0.405099
0.814000	0.405131
0.815000	0.405066
0.816000	0.404938
0.817000	0.405034
0.818000	0.405163
0.819000	0.405292
0.820000	0.405421
0.821000	0.405324
0.822000	0.405066
0.823000	0.404809
0.824000	0.405324
0.825000	0.405163
0.826000	0.405324
0.827000	0.405195
0.828000	0.405131
0.829000	0.405388
0.830000	0.405163
0.831000	0.405163
0.832000	0.404905
0.833000	0.405292
0.834000	0.405131
0.835000	0.405195
0.836000	0.405356
0.837000	0.405260
0.838000	0.405324
0.839000	0.405227
0.840000	0.405099
0.841000	0.405099
0.842000	0.404712
0.843000	0.405099
0.844000	0.405002
0.845000	0.405260
0.846000	0.405292
0.847000	0.405002
0.848000	0.405034
0.849000	0.404841
0.850000	0.405388
0.851000	0.404455
0.852000	0.405195
0.853000	0.404970
0.854000	0.405066
0.855000	0.405388
0.856000	0.404905
0.857000	0.405227
0.858000	0.405099
0.859000	0.405131
0.860000	0.405163
0.861000	0.405099
0.862000	0.405292
0.863000	0.404970
0.864000	0.405356
0.865000	0.405099
0.866000	0.405002
0.867000	0.405517
0.868000	0.405099
0.869000	0.405099
0.870000	0.405485
0.871000	0.405002
0.872000	0.405292
0.873000	0.405131
0.874000	0.405485
0.875000	0.405227
0.876000	0.405227
0.877000	0.405356
0.878000	0.405066
0.879000	0.405453
0.880000	0.405034
0.881000	0.404970
0.882000	0.405324
0.883000	0.404938
0.884000	0.405453
0.885000	0.405388
0.886000	0.405485
0.887000	0.405292
0.888000	0.405421
0.889000	0.405453
0.890000	0.405388
0.891000	0.405710
0.892000	0.405227
0.893000	0.405034
0.894000	0.405517
0.895000	0.405066
0.896000	0.405292
0.897000	0.405260
0.898000	0.405485
0.899000	0.405163
0.900000	0.405163
0.901000	0.405260
0.902000	0.405002
0.903000	0.405002
0.904000	0.405034
0.905000	0.405002
0.906000	0.405356
0.907000	0.405292
0.908000	0.405517
0.909000	0.405388
0.910000	0.405099
0.911000	0.405227
0.912000	0.405131
0.913000	0.405517
0.914000	0.405227
0.915000	0.405131
0.916000	0.405453
0.917000	0.405388
0.918000	0.405421
0.919000	0.404841
0.920000	0.405195
0.921000	0.405195
0.922000	0.405066
0.923000	0.405292
0.924000	0.405163
0.925000	0.405227
0.926000	0.405002
0.927000	0.405163
0.928000	0.405163
0.929000	0.405485
0.930000	0.404970
0.931000	0.405131
0.932000	0.405292
0.933000	0.405131
0.934000	0.405421
0.935000	0.397789
0.936000	0.408995
0.937000	0.405485
0.938000	0.405131
0.939000	0.405582
0.940000	0.405131
0.941000	0.405549
0.942000	0.405260
0.943000	0.405356
0.944000	0.405163
0.945000	0.405099
0.946000	0.405163
0.947000	0.405163
0.948000	0.405099
0.949000	0.404905
0.950000	0.404938
0.951000	0.405549
0.952000	0.405066
0.953000	0.405163
0.954000	0.404970
0.955000	0.405163
0.956000	0.405324
0.957000	0.405614
0.958000	0.405646
0.959000	0.405131
0.960000	0.405034
0.961000	0.405260
0.962000	0.405099
0.963000	0.405163
0.964000	0.404712
0.965000	0.405195
0.966000	0.405066
0.967000	0.405066
0.968000	0.405356
0.969000	0.405002
0.970000	0.405163
0.971000	0.404809
0.972000	0.405099
0.973000	0.405163
0.974000	0.405163
0.975000	0.405260
0.976000	0.404905
0.977000	0.405356
0.978000	0.405034
0.979000	0.405034
0.980000	0.405163
0.981000	0.405002
0.982000	0.405034
0.983000	0.405034
0.984000	0.405163
0.985000	0.404905
0.986000	0.405034
0.987000	0.405131
0.988000	0.404938
0.989000	0.405549
0.990000	0.405195
0.991000	0.405485
0.992000	0.404777
0.993000	0.405099
0.994000	0.404905
0.995000	0.405292
0.996000	0.404970
0.997000	0.405163
0.998000	0.405292
0.999000	0.405002
1.000000	0.404905
1.001000	0.405356
1.002000	0.405163
1.003000	0.405163
1.004000	0.404777
1.005000	0.405388
1.006000	0.404841
1.007000	0.405195
1.008000	0.405324
1.009000	0.405163
1.010000	0.405195
1.011000	0.404841
1.012000	0.405163
1.013000	0.405099
1.014000	0.404905
1.015000	0.405227
1.016000	0.404970
1.017000	0.405163
1.018000	0.405066
1.019000	0.405356
1.020000	0.405034
1.021000	0.404970
1.022000	0.405743
1.023000	0.405292
1.024000	0.405195
1.025000	0.405034
1.026000	0.405131
1.027000	0.405195
1.028000	0.404970
1.029000	0.405388
1.030000	0.404841
1.031000	0.404809
1.032000	0.405292
1.033000	0.405195
1.034000	0.405356
1.035000	0.405066
1.036000	0.405034
1.037000	0.404905
1.038000	0.405388
1.039000	0.405099
1.040000	0.404905
1.041000	0.405485
1.042000	0.404970
1.043000	0.404809
1.044000	0.404841
1.045000	0.405131
1.046000	0.405324
1.047000	0.404551
1.048000	0.405517
1.049000	0.404873
1.050000	0.405356
1.051000	0.404938
1.052000	0.405324
1.053000	0.405099
1.054000	0.405131
1.055000	0.405356
1.056000	0.405099
1.057000	0.405453
1.058000	0.405066
1.059000	0.404938
1.060000	0.405163
1.061000	0.405034
1.062000	0.405292
1.063000	0.404970
1.064000	0.405356
1.065000	0.405034
1.066000	0.404970
1.067000	0.405099
1.068000	0.404841
1.069000	0.405131
1.070000	0.405002
1.071000	0.405066
1.072000	0.405260
1.073000	0.405292
1.074000	0.405131
1.075000	0.405066
1.076000	0.405163
1.077000	0.404841
1.078000	0.405163
1.079000	0.405163
1.080000	0.405292
1.081000	0.404970
1.082000	0.405453
1.083000	0.405388
1.084000	0.405066
1.085000	0.405388
1.086000	0.405260
1.087000	0.405260
1.088000	0.405195
1.089000	0.405163
1.090000	0.405324
1.091000	0.405099
1.092000	0.405163
1.093000	0.404777
1.094000	0.405131
1.095000	0.405260
1.096000	0.405099
1.097000	0.405485
1.098000	0.404905
1.099000	0.404519
1.100000	0.404809
1.101000	0.405227
1.102000	0.405066
1.103000	0.405066
1.104000	0.405485
1.105000	0.405002
1.106000	0.405485
1.107000	0.405034
1.108000	0.405034
1.109000	0.405356
1.110000	0.405066
1.111000	0.405227
1.112000	0.405034
1.113000	0.405485
1.114000	0.404938
1.115000	0.405163
1.116000	0.404680
1.117000	0.405099
1.118000	0.405292
1.119000	0.404809
1.120000	0.405163
1.121000	0.405453
1.122000	0.405099
1.123000	0.405131
1.124000	0.405260
1.125000	0.405131
1.126000	0.404873
1.127000	0.405227
1.128000	0.404841
1.129000	0.405034
1.130000	0.405195
1.131000	0.405356
1.132000	0.405582
1.133000	0.405099
1.134000	0.405227
1.135000	0.405131
1.136000	0.405260
1.137000	0.405517
1.138000	0.405163
1.139000	0.405421
1.140000	0.405099
1.141000	0.405163
1.142000	0.405131
1.143000	0.405260
1.144000	0.405131
1.145000	0.405195
1.146000	0.405517
1.147000	0.405066
1.148000	0.404938
1.149000	0.404970
1.150000	0.404777
1.151000	0.405324
1.152000	0.405099
1.153000	0.405324
1.154000	0.405099
1.155000	0.405453
1.156000	0.404970
1.157000	0.405099
1.158000	0.405324
1.159000	0.404841
1.160000	0.405099
1.161000	0.405099
1.162000	0.405324
1.163000	0.405356
1.164000	0.405099
1.165000	0.405034
1.166000	0.405421
1.167000	0.405034
1.168000	0.405227
1.169000	0.405195
1.170000	0.405163
1.171000	0.404970
1.172000	0.405356
1.173000	0.405292
1.174000	0.405517
1.175000	0.405356
1.176000	0.404616
1.177000	0.405260
1.178000	0.404905
1.179000	0.405292
1.180000	0.404841
1.181000	0.405292
1.182000	0.404938
1.183000	0.405066
1.184000	0.405002
1.185000	0.405002
1.186000	0.405195
1.187000	0.405066
1.188000	0.405066
1.189000	0.405227
1.190000	0.405227
1.191000	0.405227
1.192000	0.405066
1.193000	0.405066
1.194000	0.405066
1.195000	0.404970
1.196000	0.405324
1.197000	0.404970
1.198000	0.405388
1.199000	0.405099
1.200000	0.404873
1.201000	0.405388
1.202000	0.405163
1.203000	0.405131
1.204000	0.405002
1.205000	0.405292
1.206000	0.405356
1.207000	0.405131
1.208000	0.405710
1.209000	0.405195
1.210000	0.405421
1.211000	0.405002
1.212000	0.405324
1.213000	0.405227
1.214000	0.404938
1.215000	0.405099
1.216000	0.405131
1.217000	0.405614
1.218000	0.405131
1.219000	0.405163
1.220000	0.405002
1.221000	0.405195
1.222000	0.405227
1.223000	0.405034
1.224000	0.405292
1.225000	0.405002
1.226000	0.405260
1.227000	0.405195
1.228000	0.404841
1.229000	0.405453
1.230000	0.404938
1.231000	0.405195
1.232000	0.405034
1.233000	0.405163
1.234000	0.405324
1.235000	0.404680
1.236000	0.405227
1.237000	0.404938
1.238000	0.405099
1.239000	0.405131
1.240000	0.405260
1.241000	0.405227
1.242000	0.404970
1.243000	0.405260
1.244000	0.404648
1.245000	0.405356
1.246000	0.404777
1.247000	0.405099
1.248000	0.404841
1.249000	0.405131
1.250000	0.405099
1.251000	0.404970
1.252000	0.405163
1.253000	0.405163
1.254000	0.404938
1.255000	0.405195
1.256000	0.404841
1.257000	0.405517
1.258000	0.405002
1.259000	0.405292
1.260000	0.405002
1.261000	0.405421
1.262000	0.405485
1.263000	0.404841
1.264000	0.405356
1.265000	0.404905
1.266000	0.405421
1.267000	0.405131
1.268000	0.405099
1.269000	0.405034
1.270000	0.404841
1.271000	0.405034
1.272000	0.405034
1.273000	0.405646
1.274000	0.405388
1.275000	0.404938
1.276000	0.405292
1.277000	0.404712
1.278000	0.405195
1.279000	0.405066
1.280000	0.405163
1.281000	0.405195
1.282000	0.405227
1.283000	0.405324
1.284000	0.405002
1.285000	0.404905
1.286000	0.405163
1.287000	0.405034
1.288000	0.405292
1.289000	0.405099
1.290000	0.405421
1.291000	0.405421
1.292000	0.404680
1.293000	0.405421
1.294000	0.404777
1.295000	0.405131
1.296000	0.405034
1.297000	0.405227
1.298000	0.405099
1.299000	0.405066
1.300000	0.405324
1.301000	0.405163
1.302000	0.405131
1.303000	0.405066
1.304000	0.404777
1.305000	0.405549
1.306000	0.405163
1.307000	0.405324
1.308000	0.404873
1.309000	0.405066
1.310000	0.405163
1.311000	0.405131
1.312000	0.405388
1.313000	0.405227
1.314000	0.405227
1.315000	0.404938
1.316000	0.405066
1.317000	0.404841
1.318000	0.404938
1.319000	0.405292
1.320000	0.404809
1.321000	0.405260
1.322000	0.405195
1.323000	0.405099
1.324000	0.405356
1.325000	0.405292
1.326000	0.405195
1.327000	0.404938
1.328000	0.405356
1.329000	0.405131
1.330000	0.405002
1.331000	0.405485
1.332000	0.404970
1.333000	0.405356
1.334000	0.405034
1.335000	0.405485
1.336000	0.405227
1.337000	0.405099
1.338000	0.405710
1.339000	0.404680
1.340000	0.405356
1.341000	0.404938
1.342000	0.404938
1.343000	0.404905
1.344000	0.404841
1.345000	0.405292
1.346000	0.404712
1.347000	0.405163
1.348000	0.405002
1.349000	0.405066
1.350000	0.404938
1.351000	0.405002
1.352000	0.405292
1.353000	0.405034
1.354000	0.405034
1.355000	0.405195
1.356000	0.405034
1.357000	0.405356
1.358000	0.404905
1.359000	0.405195
1.360000	0.405066
1.361000	0.405292
1.362000	0.405131
1.363000	0.405324
1.364000	0.405292
1.365000	0.404777
1.366000	0.405227
1.367000	0.404905
1.368000	0.405131
1.369000	0.405099
1.370000	0.405066
1.371000	0.405292
1.372000	0.405002
1.373000	0.405485
1.374000	0.404873
1.375000	0.404809
1.376000	0.405066
1.377000	0.405099
1.378000	0.405421
1.379000	0.405163
1.380000	0.405292
1.381000	0.405131
1.382000	0.404970
1.383000	0.405195
1.384000	0.404680
1.385000	0.405066
1.386000	0.405163
1.387000	0.405324
1.388000	0.405195
1.389000	0.405099
1.390000	0.405195
1.391000	0.404841
1.392000	0.405260
1.393000	0.405066
1.394000	0.404970
1.395000	0.405517
1.396000	0.405066
1.397000	0.405775
1.398000	0.405099
1.399000	0.404841
1.400000	0.405517
1.401000	0.405034
1.402000	0.405099
1.403000	0.405099
1.404000	0.404873
1.405000	0.405163
1.406000	0.405388
1.407000	0.405066
1.408000	0.405131
1.409000	0.404712
1.410000	0.405195
1.411000	0.405163
1.412000	0.405517
1.413000	0.405066
1.414000	0.405388
1.415000	0.405002
1.416000	0.405066
1.417000	0.405227
1.418000	0.405099
1.419000	0.405227
1.420000	0.405002
1.421000	0.405614
1.422000	0.405227
1.423000	0.405163
1.424000	0.405292
1.425000	0.405099
1.426000	0.404873
1.427000	0.405195
1.428000	0.404873
1.429000	0.405549
1.430000	0.405034
1.431000	0.405099
1.432000	0.404938
1.433000	0.404809
1.434000	0.405324
1.435000	0.404841
1.436000	0.405034
1.437000	0.404744
1.438000	0.405002
1.439000	0.405195
1.440000	0.405227
1.441000	0.405002
1.442000	0.404680
1.443000	0.405099
1.444000	0.405195
1.445000	0.404712
1.446000	0.405260
1.447000	0.405099
1.448000	0.404873
1.449000	0.404938
1.450000	0.405002
1.451000	0.405292
1.452000	0.404809
1.453000	0.405292
1.454000	0.405324
1.455000	0.405260
1.456000	0.405099
1.457000	0.404970
1.458000	0.405388
1.459000	0.404970
1.460000	0.405292
1.461000	0.405002
1.462000	0.405549
1.463000	0.405002
1.464000	0.405195
1.465000	0.405066
1.466000	0.404970
1.467000	0.405324
1.468000	0.405099
1.469000	0.405260
1.470000	0.405034
1.471000	0.405227
1.472000	0.405227
1.473000	0.405227
1.474000	0.405678
1.475000	0.405163
1.476000	0.404970
1.477000	0.404970
1.478000	0.405356
1.479000	0.404970
1.480000	0.405163
1.481000	0.405163
1.482000	0.404938
1.483000	0.405227
1.484000	0.405453
1.485000	0.405195
1.486000	0.405260
1.487000	0.405163
1.488000	0.405485
1.489000	0.405099
1.490000	0.405292
1.491000	0.405034
1.492000	0.405099
1.493000	0.405066
1.494000	0.405195
1.495000	0.405356
1.496000	0.404873
1.497000	0.405002
1.498000	0.404905
1.499000	0.405131
1.500000	0.405260
1.501000	0.405517
1.502000	0.405260
1.503000	0.404970
1.504000	0.405163
1.505000	0.405066
1.506000	0.405356
1.507000	0.405066
1.508000	0.405163
1.509000	0.405292
1.510000	0.405034
1.511000	0.405227
1.512000	0.405002
1.513000	0.405260
1.514000	0.405002
1.515000	0.404905
1.516000	0.405421
1.517000	0.405034
1.518000	0.405099
1.519000	0.404905
1.520000	0.405034
1.521000	0.405099
1.522000	0.405066
1.523000	0.405549
1.524000	0.405131
1.525000	0.405388
1.526000	0.405034
1.527000	0.405131
1.528000	0.405195
1.529000	0.404809
1.530000	0.405356
1.531000	0.405002
1.532000	0.405614
1.533000	0.405131
1.534000	0.404809
1.535000	0.405227
1.536000	0.405227
1.537000	0.405388
1.538000	0.405002
1.539000	0.405260
1.540000	0.405260
1.541000	0.405002
1.542000	0.405163
1.543000	0.404777
1.544000	0.405260
1.545000	0.405099
1.546000	0.404970
1.547000	0.405034
1.548000	0.404777
1.549000	0.405163
1.550000	0.405099
1.551000	0.405227
1.552000	0.405034
1.553000	0.405227
1.554000	0.405034
1.555000	0.405034
1.556000	0.405324
1.557000	0.405292
1.558000	0.405066
1.559000	0.405163
1.560000	0.405099
1.561000	0.404938
1.562000	0.405002
1.563000	0.405260
1.564000	0.405163
1.565000	0.405195
1.566000	0.405453
1.567000	0.405292
1.568000	0.404809
1.569000	0.405099
1.570000	0.405131
1.571000	0.405678
1.572000	0.404905
1.573000	0.405388
1.574000	0.404905
1.575000	0.405131
1.576000	0.404841
1.577000	0.405099
1.578000	0.405421
1.579000	0.404777
1.580000	0.405614
1.581000	0.405227
1.582000	0.405034
1.583000	0.405356
1.584000	0.405066
1.585000	0.405421
1.586000	0.405131
1.587000	0.405324
1.588000	0.405260
1.589000	0.405292
1.590000	0.405034
1.591000	0.405195
1.592000	0.404809
1.593000	0.405099
1.594000	0.404841
1.595000	0.405582
1.596000	0.405002
1.597000	0.404905
1.598000	0.405066
1.599000	0.405099
1.600000	0.405195
1.601000	0.405227
1.602000	0.405453
1.603000	0.405066
1.604000	0.405195
1.605000	0.405066
1.606000	0.405066
1.607000	0.405678
1.608000	0.404648
1.609000	0.405034
1.610000	0.405131
1.611000	0.404680
1.612000	0.405131
1.613000	0.405002
1.614000	0.405066
1.615000	0.404970
1.616000	0.405292
1.617000	0.405195
1.618000	0.405195
1.619000	0.405227
1.620000	0.404938
1.621000	0.405388
1.622000	0.405131
1.623000	0.405292
1.624000	0.404873
1.625000	0.405356
1.626000	0.405227
1.627000	0.404905
1.628000	0.405163
1.629000	0.405163
1.630000	0.404905
1.631000	0.405099
1.632000	0.404905
1.633000	0.405324
1.634000	0.405002
1.635000	0.404970
1.636000	0.404938
1.637000	0.404873
1.638000	0.405324
1.639000	0.405131
1.640000	0.405002
1.641000	0.404744
1.642000	0.405324
1.643000	0.405163
1.644000	0.404970
1.645000	0.405292
1.646000	0.404970
1.647000	0.405227
1.648000	0.405388
1.649000	0.405163
1.650000	0.405163
1.651000	0.405066
1.652000	0.405066
1.653000	0.405099
1.654000	0.405292
1.655000	0.405356
1.656000	0.404809
1.657000	0.405582
1.658000	0.405034
1.659000	0.405099
1.660000	0.405099
1.661000	0.405421
1.662000	0.405324
1.663000	0.404873
1.664000	0.405292
1.665000	0.404970
1.666000	0.405195
1.667000	0.405227
1.668000	0.405131
1.669000	0.404841
1.670000	0.404873
1.671000	0.405356
1.672000	0.405260
1.673000	0.405131
1.674000	0.405227
1.675000	0.405034
1.676000	0.405066
1.677000	0.404970
1.678000	0.405163
1.679000	0.405034
1.680000	0.404938
1.681000	0.405356
1.682000	0.405227
1.683000	0.405388
1.684000	0.404841
1.685000	0.405227
1.686000	0.405002
1.687000	0.404970
1.688000	0.405099
1.689000	0.405388
1.690000	0.405356
1.691000	0.404970
1.692000	0.405195
1.693000	0.405260
1.694000	0.405034
1.695000	0.405356
1.696000	0.404970
1.697000	0.405131
1.698000	0.404905
1.699000	0.405034
1.700000	0.405324
1.701000	0.405034
1.702000	0.405099
1.703000	0.404841
1.704000	0.405099
1.705000	0.405099
1.706000	0.405292
1.707000	0.405292
1.708000	0.405034
1.709000	0.405324
1.710000	0.405292
1.711000	0.404583
1.712000	0.404938
1.713000	0.404777
1.714000	0.405324
1.715000	0.404970
1.716000	0.405324
1.717000	0.405421
1.718000	0.405421
1.719000	0.405002
1.720000	0.404744
1.721000	0.405195
1.722000	0.405260
1.723000	0.405421
1.724000	0.405260
1.725000	0.405324
1.726000	0.405260
1.727000	0.404873
1.728000	0.405034
1.729000	0.404841
1.730000	0.405099
1.731000	0.405227
1.732000	0.404648
1.733000	0.405614
1.734000	0.405034
1.735000	0.405485
1.736000	0.405324
1.737000	0.405066
1.738000	0.405260
1.739000	0.405227
1.740000	0.405549
1.741000	0.404970
1.742000	0.405485
1.743000	0.405163
1.744000	0.405227
1.745000	0.405131
1.746000	0.404744
1.747000	0.405099
1.748000	0.405195
1.749000	0.405034
1.750000	0.405614
1.751000	0.405227
1.752000	0.404905
1.753000	0.404809
1.754000	0.405099
1.755000	0.404938
1.756000	0.405388
1.757000	0.405871
1.758000	0.405099
1.759000	0.405163
1.760000	0.405099
1.761000	0.405066
1.762000	0.405227
1.763000	0.404841
1.764000	0.405453
1.765000	0.405131
1.766000	0.405066
1.767000	0.405163
1.768000	0.405453
1.769000	0.405099
1.770000	0.404712
1.771000	0.405292
1.772000	0.404938
1.773000	0.405163
1.774000	0.405066
1.775000	0.404777
1.776000	0.404970
1.777000	0.405227
1.778000	0.405292
1.779000	0.404809
1.780000	0.405292
1.781000	0.405260
1.782000	0.404938
1.783000	0.405131
1.784000	0.405034
1.785000	0.405227
1.786000	0.405034
1.787000	0.405002
1.788000	0.405099
1.789000	0.405163
1.790000	0.405260
1.791000	0.405324
1.792000	0.405227
1.793000	0.405099
1.794000	0.404970
1.795000	0.405099
1.796000	0.405131
1.797000	0.405453
1.798000	0.405163
1.799000	0.405195
1.800000	0.405131
1.801000	0.405195
1.802000	0.405099
1.803000	0.404970
1.804000	0.405195
1.805000	0.405453
1.806000	0.405324
1.807000	0.405421
1.808000	0.404905
1.809000	0.405710
1.810000	0.404938
1.811000	0.405453
1.812000	0.405066
1.813000	0.405131
1.814000	0.405260
1.815000	0.405066
1.816000	0.405453
1.817000	0.405066
1.818000	0.405324
1.819000	0.405131
1.820000	0.405131
1.821000	0.404777
1.822000	0.405292
1.823000	0.405453
1.824000	0.405356
1.825000	0.405260
1.826000	0.405388
1.827000	0.405002
1.828000	0.405163
1.829000	0.405066
1.830000	0.405324
1.831000	0.404938
1.832000	0.405485
1.833000	0.405195
1.834000	0.405227
1.835000	0.404970
1.836000	0.405066
1.837000	0.405227
1.838000	0.404938
1.839000	0.405388
1.840000	0.405163
1.841000	0.405388
1.842000	0.404970
1.843000	0.404970
1.844000	0.405549
1.845000	0.405034
1.846000	0.405549
1.847000	0.405324
1.848000	0.405099
1.849000	0.405292
1.850000	0.405099
1.851000	0.405131
1.852000	0.405260
1.853000	0.405163
1.854000	0.405421
1.855000	0.405195
1.856000	0.405549
1.857000	0.405227
1.858000	0.405163
1.859000	0.405195
1.860000	0.405227
1.861000	0.405195
1.862000	0.405195
1.863000	0.405292
1.864000	0.405195
1.865000	0.405292
1.866000	0.405131
1.867000	0.405260
1.868000	0.405549
1.869000	0.405260
1.870000	0.405678
1.871000	0.405453
1.872000	0.405292
1.873000	0.405421
1.874000	0.405131
1.875000	0.405388
1.876000	0.404938
1.877000	0.405066
1.878000	0.405517
1.879000	0.405324
1.880000	0.405195
1.881000	0.405066
1.882000	0.405227
1.883000	0.405066
1.884000	0.405356
1.885000	0.405678
1.886000	0.405099
1.887000	0.405388
1.888000	0.405163
1.889000	0.405646
1.890000	0.405388
1.891000	0.405195
1.892000	0.405292
1.893000	0.404938
1.894000	0.405292
1.895000	0.405195
1.896000	0.405227
1.897000	0.405227
1.898000	0.404970
1.899000	0.405582
1.900000	0.405163
1.901000	0.405227
1.902000	0.405099
1.903000	0.404938
1.904000	0.405710
1.905000	0.405324
1.906000	0.417077
1.907000	0.405163
1.908000	0.404616
1.909000	0.405421
1.910000	0.404905
1.911000	0.405421
1.912000	0.405163
1.913000	0.405227
1.914000	0.405034
1.915000	0.404905
1.916000	0.405163
1.917000	0.404938
1.918000	0.405034
1.919000	0.405260
1.920000	0.404970
1.921000	0.405227
1.922000	0.405002
1.923000	0.405227
1.924000	0.404970
1.925000	0.405260
1.926000	0.405002
1.927000	0.405227
1.928000	0.405324
1.929000	0.405131
1.930000	0.405260
1.931000	0.404970
1.932000	0.404970
1.933000	0.405260
1.934000	0.404905
1.935000	0.405549
1.936000	0.404970
1.937000	0.405034
1.938000	0.405292
1.939000	0.405099
1.940000	0.405292
1.941000	0.404905
1.942000	0.405356
1.943000	0.405163
1.944000	0.405388
1.945000	0.405292
1.946000	0.404873
1.947000	0.405356
1.948000	0.404970
1.949000	0.405066
1.950000	0.405195
1.951000	0.404970
1.952000	0.405292
1.953000	0.405099
1.954000	0.405356
1.955000	0.405324
1.956000	0.406258
1.957000	0.405099
1.958000	0.404970
1.959000	0.405066
1.960000	0.405066
1.961000	0.405292
1.962000	0.404905
1.963000	0.404841
1.964000	0.405421
1.965000	0.405002
1.966000	0.405260
1.967000	0.405099
1.968000	0.405195
1.969000	0.404873
1.970000	0.404809
1.971000	0.405582
1.972000	0.405324
1.973000	0.405195
1.974000	0.405163
1.975000	0.404938
1.976000	0.405131
1.977000	0.404841
1.978000	0.405260
1.979000	0.405099
1.980000	0.405131
1.981000	0.404809
1.982000	0.405131
1.983000	0.405099
1.984000	0.404873
1.985000	0.405099
1.986000	0.405002
1.987000	0.405710
1.988000	0.405549
1.989000	0.405034
1.990000	0.405582
1.991000	0.405099
1.992000	0.405227
1.993000	0.405099
1.994000	0.404905
1.995000	0.405163
1.996000	0.404809
1.997000	0.405066
1.998000	0.405163
1.999000	0.405002
2.000000	0.405131
2.001000	0.405002
2.002000	0.405260
2.003000	0.405163
2.004000	0.405324
2.005000	0.405227
2.006000	0.405131
2.007000	0.405485
2.008000	0.405066
2.009000	0.405131
2.010000	0.404873
2.011000	0.405002
2.012000	0.405582
2.013000	0.405163
2.014000	0.405131
2.015000	0.405066
2.016000	0.404873
2.017000	0.405099
2.018000	0.404905
2.019000	0.405227
2.020000	0.404744
2.021000	0.405163
2.022000	0.405195
2.023000	0.405421
2.024000	0.405260
2.025000	0.405034
2.026000	0.405260
2.027000	0.404938
2.028000	0.405131
2.029000	0.405099
2.030000	0.404905
2.031000	0.405260
2.032000	0.405099
2.033000	0.404905
2.034000	0.405034
2.035000	0.404873
2.036000	0.405388
2.037000	0.404777
2.038000	0.405131
2.039000	0.405292
2.040000	0.405324
2.041000	0.405099
2.042000	0.404519
2.043000	0.405388
2.044000	0.404905
2.045000	0.405163
2.046000	0.405195
2.047000	0.405002
2.048000	0.405421
2.049000	0.404680
2.050000	0.405485
2.051000	0.405002
2.052000	0.405388
2.053000	0.405356
2.054000	0.405227
2.055000	0.405034
2.056000	0.405131
2.057000	0.405227
2.058000	0.405099
2.059000	0.404777
2.060000	0.405292
2.061000	0.405260
2.062000	0.405195
2.063000	0.404970
2.064000	0.405195
2.065000	0.404873
2.066000	0.405034
2.067000	0.405614
2.068000	0.404938
2.069000	0.405292
2.070000	0.405163
2.071000	0.405292
2.072000	0.405260
2.073000	0.404938
2.074000	0.405614
2.075000	0.404873
2.076000	0.405260
2.077000	0.405131
2.078000	0.405034
2.079000	0.405356
2.080000	0.404809
2.081000	0.405324
2.082000	0.404873
2.083000	0.405517
2.084000	0.405292
2.085000	0.404809
2.086000	0.405099
2.087000	0.405066
2.088000	0.405099
2.089000	0.405549
2.090000	0.404744
2.091000	0.405517
2.092000	0.405066
2.093000	0.405260
2.094000	0.405324
2.095000	0.405066
2.096000	0.405066
2.097000	0.404841
2.098000	0.405131
2.099000	0.405066
2.100000	0.405227
2.101000	0.404905
2.102000	0.405163
2.103000	0.404970
2.104000	0.405099
2.105000	0.405324
2.106000	0.405195
2.107000	0.405002
2.108000	0.405260
2.109000	0.404938
2.110000	0.405260
2.111000	0.404809
2.112000	0.405131
2.113000	0.405002
2.114000	0.404873
2.115000	0.405453
2.116000	0.405002
2.117000	0.405227
2.118000	0.405356
2.119000	0.405163
2.120000	0.405034
2.121000	0.404970
2.122000	0.405453
2.123000	0.405163
2.124000	0.405195
2.125000	0.404873
2.126000	0.405099
2.127000	0.405195
2.128000	0.405099
2.129000	0.405421
2.130000	0.404905
2.131000	0.405163
2.132000	0.405195
2.133000	0.405324
2.134000	0.405453
2.135000	0.405163
2.136000	0.405260
2.137000	0.404905
2.138000	0.404905
2.139000	0.405131
2.140000	0.405066
2.141000	0.405195
2.142000	0.405131
2.143000	0.405646
2.144000	0.404712
2.145000	0.405227
2.146000	0.405485
2.147000	0.404873
2.148000	0.405163
2.149000	0.404873
2.150000	0.405260
2.151000	0.405260
2.152000	0.404905
2.153000	0.405227
2.154000	0.405034
2.155000	0.405453
2.156000	0.405195
2.157000	0.404970
2.158000	0.405195
2.159000	0.404938
2.160000	0.405260
2.161000	0.405066
2.162000	0.404970
2.163000	0.405195
2.164000	0.405034
2.165000	0.405324
2.166000	0.404841
2.167000	0.405324
2.168000	0.405195
2.169000	0.405260
2.170000	0.405324
2.171000	0.405002
2.172000	0.405227
2.173000	0.405131
2.174000	0.405163
2.175000	0.405099
2.176000	0.404873
2.177000	0.405260
2.178000	0.405034
2.179000	0.405131
2.180000	0.404970
2.181000	0.405099
2.182000	0.405453
2.183000	0.405292
2.184000	0.405324
2.185000	0.404938
2.186000	0.405131
2.187000	0.405066
2.188000	0.404712
2.189000	0.405324
2.190000	0.405034
2.191000	0.405388
2.192000	0.405034
2.193000	0.404970
2.194000	0.405421
2.195000	0.404744
2.196000	0.405292
2.197000	0.404841
2.198000	0.405034
2.199000	0.404905
2.200000	0.405227
2.201000	0.405582
2.202000	0.404938
2.203000	0.405356
2.204000	0.405066
2.205000	0.405292
2.206000	0.405324
2.207000	0.405260
2.208000	0.405292
2.209000	0.405163
2.210000	0.405260
2.211000	0.405324
2.212000	0.405292
2.213000	0.405099
2.214000	0.404744
2.215000	0.405227
2.216000	0.405002
2.217000	0.405549
2.218000	0.405131
2.219000	0.405099
2.220000	0.405163
2.221000	0.405099
2.222000	0.405453
2.223000	0.405099
2.224000	0.405163
2.225000	0.405034
2.226000	0.405034
2.227000	0.405356
2.228000	0.405099
2.229000	0.405163
2.230000	0.404873
2.231000	0.405227
2.232000	0.405163
2.233000	0.404970
2.234000	0.405421
2.235000	0.405066
2.236000	0.404905
2.237000	0.404905
2.238000	0.404519
2.239000	0.405227
2.240000	0.405002
2.241000	0.405260
2.242000	0.404970
2.243000	0.405227
2.244000	0.405034
2.245000	0.405163
2.246000	0.405227
2.247000	0.404873
2.248000	0.405227
2.249000	0.404905
2.250000	0.405099
2.251000	0.405356
2.252000	0.405356
2.253000	0.405388
2.254000	0.405002
2.255000	0.405453
2.256000	0.405324
2.257000	0.405034
2.258000	0.405324
2.259000	0.404809
2.260000	0.405388
2.261000	0.404905
2.262000	0.405614
2.263000	0.405163
2.264000	0.405163
2.265000	0.405099
2.266000	0.405163
2.267000	0.405292
2.268000	0.405227
2.269000	0.405292
2.270000	0.405388
2.271000	0.405260
2.272000	0.405646
2.273000	0.405195
2.274000	0.405356
2.275000	0.404744
2.276000	0.404680
2.277000	0.405388
2.278000	0.405066
2.279000	0.405195
2.280000	0.405066
2.281000	0.405002
2.282000	0.405163
2.283000	0.404905
2.284000	0.405421
2.285000	0.405099
2.286000	0.405453
2.287000	0.405324
2.288000	0.405195
2.289000	0.405195
2.290000	0.405131
2.291000	0.405614
2.292000	0.405099
2.293000	0.404809
2.294000	0.404938
2.295000	0.405195
2.296000	0.405227
2.297000	0.405002
2.298000	0.405324
2.299000	0.404970
2.300000	0.405034
2.301000	0.405260
2.302000	0.404938
2.303000	0.405260
2.304000	0.404905
2.305000	0.405356
2.306000	0.405131
2.307000	0.404905
2.308000	0.405260
2.309000	0.405260
2.310000	0.405292
2.311000	0.404970
2.312000	0.405163
2.313000	0.405260
2.314000	0.404970
2.315000	0.405388
2.316000	0.404873
2.317000	0.405002
2.318000	0.405099
2.319000	0.405163
2.320000	0.405131
2.321000	0.405388
2.322000	0.405356
2.323000	0.405324
2.324000	0.405356
2.325000	0.405099
2.326000	0.404809
2.327000	0.405195
2.328000	0.404905
2.329000	0.405260
2.330000	0.404970
2.331000	0.405195
2.332000	0.405195
2.333000	0.405034
2.334000	0.405034
2.335000	0.405131
2.336000	0.405131
2.337000	0.405388
2.338000	0.405131
2.339000	0.405421
2.340000	0.405163
2.341000	0.405292
2.342000	0.404809
2.343000	0.405260
2.344000	0.405131
2.345000	0.405099
2.346000	0.405163
2.347000	0.405195
2.348000	0.405356
2.349000	0.404905
2.350000	0.405002
2.351000	0.405131
2.352000	0.405002
2.353000	0.405002
2.354000	0.405131
2.355000	0.405356
2.356000	0.405839
2.357000	0.405163
2.358000	0.405195
2.359000	0.405099
2.360000	0.405066
2.361000	0.405099
2.362000	0.405131
2.363000	0.405292
2.364000	0.405131
2.365000	0.405034
2.366000	0.405324
2.367000	0.404777
2.368000	0.405163
2.369000	0.405227
2.370000	0.405099
2.371000	0.405066
2.372000	0.405292
2.373000	0.405421
2.374000	0.405227
2.375000	0.405163
2.376000	0.405131
2.377000	0.405227
2.378000	0.405324
2.379000	0.405002
2.380000	0.405227
2.381000	0.405163
2.382000	0.405324
2.383000	0.405453
2.384000	0.404938
2.385000	0.405163
2.386000	0.405034
2.387000	0.405195
2.388000	0.405517
2.389000	0.405260
2.390000	0.405678
2.391000	0.404873
2.392000	0.405292
2.393000	0.405099
2.394000	0.405099
2.395000	0.405260
2.396000	0.405163
2.397000	0.405421
2.398000	0.405292
2.399000	0.404841
2.400000	0.405227
2.401000	0.404938
2.402000	0.405356
2.403000	0.404970
2.404000	0.405421
2.405000	0.405421
2.406000	0.405324
2.407000	0.405324
2.408000	0.404873
2.409000	0.404970
2.410000	0.404616
2.411000	0.404905
2.412000	0.405356
2.413000	0.404938
2.414000	0.405066
2.415000	0.405002
2.416000	0.404905
2.417000	0.405356
2.418000	0.404777
2.419000	0.404873
2.420000	0.405163
2.421000	0.405195
2.422000	0.405163
2.423000	0.405066
2.424000	0.405227
2.425000	0.405099
2.426000	0.404873
2.427000	0.405292
2.428000	0.405034
2.429000	0.404970
2.430000	0.405195
2.431000	0.404970
2.432000	0.405260
2.433000	0.405195
2.434000	0.404809
2.435000	0.405066
2.436000	0.404809
2.437000	0.405421
2.438000	0.404873
2.439000	0.405163
2.440000	0.405453
2.441000	0.405131
2.442000	0.405099
2.443000	0.405163
2.444000	0.404841
2.445000	0.405517
2.446000	0.405034
2.447000	0.405099
2.448000	0.405227
2.449000	0.405388
2.450000	0.405292
2.451000	0.405163
2.452000	0.405066
2.453000	0.405549
2.454000	0.405066
2.455000	0.405292
2.456000	0.405517
2.457000	0.405195
2.458000	0.405227
2.459000	0.404938
2.460000	0.405131
2.461000	0.405002
2.462000	0.404873
2.463000	0.405131
2.464000	0.405163
2.465000	0.405002
2.466000	0.405485
2.467000	0.405034
2.468000	0.405163
2.469000	0.405034
2.470000	0.405099
2.471000	0.405517
2.472000	0.405453
2.473000	0.405356
2.474000	0.405324
2.475000	0.404841
2.476000	0.405163
2.477000	0.405034
2.478000	0.405002
2.479000	0.405324
2.480000	0.405163
2.481000	0.405066
2.482000	0.405066
2.483000	0.405195
2.484000	0.405324
2.485000	0.405195
2.486000	0.404905
2.487000	0.405034
2.488000	0.405066
2.489000	0.405292
2.490000	0.405292
2.491000	0.405485
2.492000	0.405034
2.493000	0.404873
2.494000	0.405195
2.495000	0.405066
2.496000	0.405227
2.497000	0.405163
2.498000	0.405034
2.499000	0.405099
2.500000	0.404777
2.501000	0.405549
2.502000	0.404970
2.503000	0.404905
2.504000	0.405099
2.505000	0.405356
2.506000	0.405421
2.507000	0.405034
2.508000	0.404841
2.509000	0.405292
2.510000	0.405002
2.511000	0.405324
2.512000	0.405324
2.513000	0.404970
2.514000	0.405002
2.515000	0.404938
2.516000	0.405002
2.517000	0.405034
2.518000	0.405034
2.519000	0.405549
2.520000	0.405066
2.521000	0.405002
2.522000	0.405002
2.523000	0.405002
2.524000	0.405324
2.525000	0.404970
2.526000	0.404938
2.527000	0.405292
2.528000	0.405195
2.529000	0.404905
2.530000	0.404905
2.531000	0.404809
2.532000	0.405388
2.533000	0.405131
2.534000	0.405388
2.535000	0.405002
2.536000	0.405324
2.537000	0.405163
2.538000	0.405292
2.539000	0.405582
2.540000	0.404905
2.541000	0.405163
2.542000	0.405453
2.543000	0.405034
2.544000	0.405388
2.545000	0.405453
2.546000	0.405388
2.547000	0.405421
2.548000	0.405002
2.549000	0.405356
2.550000	0.405260
2.551000	0.405260
2.552000	0.405324
2.553000	0.405099
2.554000	0.405324
2.555000	0.405388
2.556000	0.405163
2.557000	0.405356
2.558000	0.404809
2.559000	0.405066
2.560000	0.404809
2.561000	0.404841
2.562000	0.405195
2.563000	0.404905
2.564000	0.405163
2.565000	0.405066
2.566000	0.404970
2.567000	0.405066
2.568000	0.404712
2.569000	0.405163
2.570000	0.404938
2.571000	0.405163
2.572000	0.405163
2.573000	0.405002
2.574000	0.405453
2.575000	0.405195
2.576000	0.405163
2.577000	0.405099
2.578000	0.404841
2.579000	0.405356
2.580000	0.404744
2.581000	0.405195
2.582000	0.404873
2.583000	0.404873
2.584000	0.405260
2.585000	0.404873
2.586000	0.405292
2.587000	0.405066
2.588000	0.405163
2.589000	0.405131
2.590000	0.405324
2.591000	0.405292
2.592000	0.404873
2.593000	0.405292
2.594000	0.404970
2.595000	0.405066
2.596000	0.405163
2.597000	0.405163
2.598000	0.405131
2.599000	0.405066
2.600000	0.405324
2.601000	0.405034
2.602000	0.405099
2.603000	0.405292
2.604000	0.404873
2.605000	0.405227
2.606000	0.405324
2.607000	0.405195
2.608000	0.405292
2.609000	0.404648
2.610000	0.405549
2.611000	0.404873
2.612000	0.405324
2.613000	0.404905
2.614000	0.405227
2.615000	0.404873
2.616000	0.404583
2.617000	0.405421
2.618000	0.404841
2.619000	0.404970
2.620000	0.405131
2.621000	0.405227
2.622000	0.405453
2.623000	0.405099
2.624000	0.405034
2.625000	0.404938
2.626000	0.405324
2.627000	0.404905
2.628000	0.405099
2.629000	0.405066
2.630000	0.404970
2.631000	0.405195
2.632000	0.405356
2.633000	0.405099
2.634000	0.405195
2.635000	0.405227
2.636000	0.404938
2.637000	0.404938
2.638000	0.405163
2.639000	0.405292
2.640000	0.405131
2.641000	0.405517
2.642000	0.405131
2.643000	0.404905
2.644000	0.405099
2.645000	0.405421
2.646000	0.405195
2.647000	0.405227
2.648000	0.404970
2.649000	0.405195
2.650000	0.404970
2.651000	0.405549
2.652000	0.405034
2.653000	0.405066
2.654000	0.405002
2.655000	0.404970
2.656000	0.405227
2.657000	0.405163
2.658000	0.405582
2.659000	0.404744
2.660000	0.405356
2.661000	0.405002
2.662000	0.405163
2.663000	0.405099
2.664000	0.405292
2.665000	0.405324
2.666000	0.405002
2.667000	0.405356
2.668000	0.405131
2.669000	0.405099
2.670000	0.405292
2.671000	0.404777
2.672000	0.405421
2.673000	0.404777
2.674000	0.405227
2.675000	0.405066
2.676000	0.404873
2.677000	0.405324
2.678000	0.404938
2.679000	0.405163
2.680000	0.405099
2.681000	0.404970
2.682000	0.405002
2.683000	0.404938
2.684000	0.405260
2.685000	0.405034
2.686000	0.405324
2.687000	0.404970
2.688000	0.405099
2.689000	0.405034
2.690000	0.405099
2.691000	0.405066
2.692000	0.405099
2.693000	0.405163
2.694000	0.405195
2.695000	0.404841
2.696000	0.405324
2.697000	0.405002
2.698000	0.405163
2.699000	0.405195
2.700000	0.405131
2.701000	0.405163
2.702000	0.404905
2.703000	0.405485
2.704000	0.405388
2.705000	0.405388
2.706000	0.405324
2.707000	0.405388
2.708000	0.405163
2.709000	0.405034
2.710000	0.405356
2.711000	0.405453
2.712000	0.404970
2.713000	0.404970
2.714000	0.405099
2.715000	0.405356
2.716000	0.405034
2.717000	0.405292
2.718000	0.405517
2.719000	0.405292
2.720000	0.405453
2.721000	0.405066
2.722000	0.405195
2.723000	0.405002
2.724000	0.404938
2.725000	0.405356
2.726000	0.405034
2.727000	0.405163
2.728000	0.404970
2.729000	0.405195
2.730000	0.405002
2.731000	0.405163
2.732000	0.405356
2.733000	0.405195
2.734000	0.405066
2.735000	0.405485
2.736000	0.404873
2.737000	0.405292
2.738000	0.405002
2.739000	0.405227
2.740000	0.405388
2.741000	0.405034
2.742000	0.405227
2.743000	0.404777
2.744000	0.405421
2.745000	0.405002
2.746000	0.405195
2.747000	0.405034
2.748000	0.404970
2.749000	0.405292
2.750000	0.405002
2.751000	0.405421
2.752000	0.405066
2.753000	0.405421
2.754000	0.405388
2.755000	0.405002
2.756000	0.405582
2.757000	0.404809
2.758000	0.404841
2.759000	0.404938
2.760000	0.405131
2.761000	0.405356
2.762000	0.404873
2.763000	0.405324
2.764000	0.405131
2.765000	0.405195
2.766000	0.405002
2.767000	0.405517
2.768000	0.405227
2.769000	0.404841
2.770000	0.405002
2.771000	0.405099
2.772000	0.405453
2.773000	0.405131
2.774000	0.404970
2.775000	0.405066
2.776000	0.404712
2.777000	0.405356
2.778000	0.405195
2.779000	0.404938
2.780000	0.405388
2.781000	0.405002
2.782000	0.405356
2.783000	0.404970
2.784000	0.405131
2.785000	0.405163
2.786000	0.405066
2.787000	0.405195
2.788000	0.405099
2.789000	0.405582
2.790000	0.405227
2.791000	0.405099
2.792000	0.405002
2.793000	0.405099
2.794000	0.405324
2.795000	0.405131
2.796000	0.405356
2.797000	0.405292
2.798000	0.405066
2.799000	0.405324
2.800000	0.405099
2.801000	0.405421
2.802000	0.404777
2.803000	0.405324
2.804000	0.405034
2.805000	0.404841
2.806000	0.405388
2.807000	0.405227
2.808000	0.405356
2.809000	0.404938
2.810000	0.405421
2.811000	0.405163
2.812000	0.405034
2.813000	0.405131
2.814000	0.405066
2.815000	0.405324
2.816000	0.405099
2.817000	0.405099
2.818000	0.405099
2.819000	0.405260
2.820000	0.405582
2.821000	0.404970
2.822000	0.405517
2.823000	0.405260
2.824000	0.405131
2.825000	0.405131
2.826000	0.405066
2.827000	0.405421
2.828000	0.405099
2.829000	0.405582
2.830000	0.405195
2.831000	0.405163
2.832000	0.405260
2.833000	0.405324
2.834000	0.405099
2.835000	0.405292
2.836000	0.405131
2.837000	0.405421
2.838000	0.405099
2.839000	0.405614
2.840000	0.405195
2.841000	0.405163
2.842000	0.405131
2.843000	0.405002
2.844000	0.405356
2.845000	0.405421
2.846000	0.405356
2.847000	0.405131
2.848000	0.405099
2.849000	0.405260
2.850000	0.405195
2.851000	0.405517
2.852000	0.405453
2.853000	0.405260
2.854000	0.405324
2.855000	0.405195
2.856000	0.405549
2.857000	0.405421
2.858000	0.405453
2.859000	0.405421
2.860000	0.405453
2.861000	0.405517
2.862000	0.405356
2.863000	0.405388
2.864000	0.404938
2.865000	0.405292
2.866000	0.405227
2.867000	0.405163
2.868000	0.405485
2.869000	0.405131
2.870000	0.405066
2.871000	0.405388
2.872000	0.405549
2.873000	0.405388
2.874000	0.404905
2.875000	0.405099
2.876000	0.405066
2.877000	0.405163
2.878000	0.405485
2.879000	0.405002
2.880000	0.405195
2.881000	0.405163
2.882000	0.405292
2.883000	0.405099
2.884000	0.405485
2.885000	0.405485
2.886000	0.405066
2.887000	0.405131
2.888000	0.405227
2.889000	0.405131
2.890000	0.405195
2.891000	0.405227
2.892000	0.405099
2.893000	0.404873
2.894000	0.405195
2.895000	0.405260
2.896000	0.404905
2.897000	0.404970
2.898000	0.405066
2.899000	0.405227
2.900000	0.405131
2.901000	0.405324
2.902000	0.405099
2.903000	0.405131
2.904000	0.404970
2.905000	0.405099
2.906000	0.405356
2.907000	0.405646
2.908000	0.405131
2.909000	0.405582
2.910000	0.405099
2.911000	0.405485
2.912000	0.405099
2.913000	0.404873
2.914000	0.405324
2.915000	0.405356
2.916000	0.405324
2.917000	0.405292
2.918000	0.405227
2.919000	0.404938
2.920000	0.405195
2.921000	0.405260
2.922000	0.405131
2.923000	0.404905
2.924000	0.405453
2.925000	0.404777
2.926000	0.405260
2.927000	0.405163
2.928000	0.404809
2.929000	0.405292
2.930000	0.404616
2.931000	0.405324
2.932000	0.404970
2.933000	0.404809
2.934000	0.405034
2.935000	0.404873
2.936000	0.405034
2.937000	0.404905
2.938000	0.405163
2.939000	0.404841
2.940000	0.405131
2.941000	0.405227
2.942000	0.404905
2.943000	0.405195
2.944000	0.405066
2.945000	0.405292
2.946000	0.405131
2.947000	0.404744
2.948000	0.405066
2.949000	0.404970
2.950000	0.405646
2.951000	0.405356
2.952000	0.404970
2.953000	0.405292
2.954000	0.405002
2.955000	0.405356
2.956000	0.405066
2.957000	0.405163
2.958000	0.405002
2.959000	0.405034
2.960000	0.405227
2.961000	0.405066
2.962000	0.405099
2.963000	0.405549
2.964000	0.405066
2.965000	0.405066
2.966000	0.405099
2.967000	0.405066
2.968000	0.405292
2.969000	0.404938
2.970000	0.405260
2.971000	0.404938
2.972000	0.405453
2.973000	0.405421
2.974000	0.405195
2.975000	0.405099
2.976000	0.405195
2.977000	0.405195
2.978000	0.404841
2.979000	0.405260
2.980000	0.404809
2.981000	0.404905
2.982000	0.405292
2.983000	0.405002
2.984000	0.405549
2.985000	0.405356
2.986000	0.405388
2.987000	0.405034
2.988000	0.405356
2.989000	0.405324
2.990000	0.405260
2.991000	0.404938
2.992000	0.405002
2.993000	0.405324
2.994000	0.405195
2.995000	0.405002
2.996000	0.405002
2.997000	0.405002
2.998000	0.405066
2.999000	0.405388
3.000000	0.404777
3.001000	0.405324
3.002000	0.404841
3.003000	0.404777
3.004000	0.405260
3.005000	0.404905
3.006000	0.405131
3.007000	0.404970
3.008000	0.405195
3.009000	0.405034
3.010000	0.404970
3.011000	0.405324
3.012000	0.405195
3.013000	0.404841
3.014000	0.404970
3.015000	0.405227
3.016000	0.405227
3.017000	0.404905
3.018000	0.405324
3.019000	0.405195
3.020000	0.405260
3.021000	0.405131
3.022000	0.405034
3.023000	0.405356
3.024000	0.405453
3.025000	0.405485
3.026000	0.405034
3.027000	0.404744
3.028000	0.405227
3.029000	0.404970
3.030000	0.405131
3.031000	0.405131
3.032000	0.405034
3.033000	0.405453
3.034000	0.405066
3.035000	0.405324
3.036000	0.404970
3.037000	0.405356
3.038000	0.405002
3.039000	0.405131
3.040000	0.405517
3.041000	0.405066
3.042000	0.405163
3.043000	0.404873
3.044000	0.405034
3.045000	0.405260
3.046000	0.404873
3.047000	0.405034
3.048000	0.405131
3.049000	0.405485
3.050000	0.405034
3.051000	0.405066
3.052000	0.405260
3.053000	0.405163
3.054000	0.405227
3.055000	0.405227
3.056000	0.405227
3.057000	0.405163
3.058000	0.405066
3.059000	0.405388
3.060000	0.405066
3.061000	0.405195
3.062000	0.405034
3.063000	0.404809
3.064000	0.405002
3.065000	0.404905
3.066000	0.405324
3.067000	0.405163
3.068000	0.405260
3.069000	0.405163
3.070000	0.404970
3.071000	0.405002
3.072000	0.405163
3.073000	0.405517
3.074000	0.405066
3.075000	0.404873
3.076000	0.405582
3.077000	0.404583
3.078000	0.405227
3.079000	0.405227
3.080000	0.405356
3.081000	0.405388
3.082000	0.405195
3.083000	0.405324
3.084000	0.405002
3.085000	0.405324
3.086000	0.404873
3.087000	0.405002
3.088000	0.405227
3.089000	0.405163
3.090000	0.405388
3.091000	0.405002
3.092000	0.405034
3.093000	0.405002
3.094000	0.405163
3.095000	0.405034
3.096000	0.405002
3.097000	0.405292
3.098000	0.404841
3.099000	0.405034
3.100000	0.405099
3.101000	0.405163
3.102000	0.405292
3.103000	0.404873
3.104000	0.405195
3.105000	0.405163
3.106000	0.405324
3.107000	0.405324
3.108000	0.404583
3.109000	0.405195
3.110000	0.405227
3.111000	0.405066
3.112000	0.405260
3.113000	0.405099
3.114000	0.405227
3.115000	0.405002
3.116000	0.405421
3.117000	0.405485
3.118000	0.404970
3.119000	0.405131
3.120000	0.404938
3.121000	0.405549
3.122000	0.405034
3.123000	0.405517
3.124000	0.405227
3.125000	0.404905
3.126000	0.405131
3.127000	0.404712
3.128000	0.405099
3.129000	0.404938
3.130000	0.404970
3.131000	0.405163
3.132000	0.405066
3.133000	0.405356
3.134000	0.405099
3.135000	0.405646
3.136000	0.404873
3.137000	0.405066
3.138000	0.405388
3.139000	0.405195
3.140000	0.405517
3.141000	0.405195
3.142000	0.405678
3.143000	0.404744
3.144000	0.405131
3.145000	0.405356
3.146000	0.405099
3.147000	0.405163
3.148000	0.404841
3.149000	0.405034
3.150000	0.405421
3.151000	0.405002
3.152000	0.405453
3.153000	0.404970
3.154000	0.405260
3.155000	0.405292
3.156000	0.405131
3.157000	0.405292
3.158000	0.405485
3.159000	0.405421
3.160000	0.405034
3.161000	0.405227
3.162000	0.405131
3.163000	0.405066
3.164000	0.405131
3.165000	0.404712
3.166000	0.405227
3.167000	0.405099
3.168000	0.405324
3.169000	0.405099
3.170000	0.404809
3.171000	0.405227
3.172000	0.405324
3.173000	0.405453
3.174000	0.404809
3.175000	0.405002
3.176000	0.405388
3.177000	0.405163
3.178000	0.405356
3.179000	0.405002
3.180000	0.405485
3.181000	0.405388
3.182000	0.405195
3.183000	0.405356
3.184000	0.405163
3.185000	0.405292
3.186000	0.404777
3.187000	0.405292
3.188000	0.405260
3.189000	0.405517
3.190000	0.404938
3.191000	0.404519
3.192000	0.405324
3.193000	0.405002
3.194000	0.405324
3.195000	0.405163
3.196000	0.404970
3.197000	0.405002
3.198000	0.404905
3.199000	0.405614
3.200000	0.405066
3.201000	0.405260
3.202000	0.404938
3.203000	0.405002
3.204000	0.405195
3.205000	0.405066
3.206000	0.405614
3.207000	0.405034
3.208000	0.404712
3.209000	0.405324
3.210000	0.405034
3.211000	0.405066
3.212000	0.405131
3.213000	0.404970
3.214000	0.405099
3.215000	0.404938
3.216000	0.405099
3.217000	0.405131
3.218000	0.405066
3.219000	0.405260
3.220000	0.405131
3.221000	0.405292
3.222000	0.405292
3.223000	0.405356
3.224000	0.405099
3.225000	0.404841
3.226000	0.405421
3.227000	0.405034
3.228000	0.405356
3.229000	0.405066
3.230000	0.405453
3.231000	0.405002
3.232000	0.405260
3.233000	0.405582
3.234000	0.405034
3.235000	0.405163
3.236000	0.405292
3.237000	0.405099
3.238000	0.405388
3.239000	0.404970
3.240000	0.405517
3.241000	0.405131
3.242000	0.405227
3.243000	0.405292
3.244000	0.404809
3.245000	0.405292
3.246000	0.404873
3.247000	0.405163
3.248000	0.405099
3.249000	0.405356
3.250000	0.405743
3.251000	0.404905
3.252000	0.405099
3.253000	0.405066
3.254000	0.404970
3.255000	0.405646
3.256000	0.405002
3.257000	0.405453
3.258000	0.405195
3.259000	0.405195
3.260000	0.405163
3.261000	0.405131
3.262000	0.405227
3.263000	0.404777
3.264000	0.405260
3.265000	0.405227
3.266000	0.405260
3.267000	0.405292
3.268000	0.405292
3.269000	0.405163
3.270000	0.405002
3.271000	0.405292
3.272000	0.405227
3.273000	0.404970
3.274000	0.405034
3.275000	0.404809
3.276000	0.405260
3.277000	0.405099
3.278000	0.405034
3.279000	0.405292
3.280000	0.405131
3.281000	0.404970
3.282000	0.404680
3.283000	0.405099
3.284000	0.405131
3.285000	0.404905
3.286000	0.405195
3.287000	0.405195
3.288000	0.405260
3.289000	0.405260
3.290000	0.405195
3.291000	0.405066
3.292000	0.405099
3.293000	0.405163
3.294000	0.405163
3.295000	0.405163
3.296000	0.404970
3.297000	0.404905
3.298000	0.405227
3.299000	0.405099
3.300000	0.405485
3.301000	0.405131
3.302000	0.405195
3.303000	0.405549
3.304000	0.404970
3.305000	0.405614
3.306000	0.405034
3.307000	0.405324
3.308000	0.405227
3.309000	0.405034
3.310000	0.405388
3.311000	0.405195
3.312000	0.405260
3.313000	0.405163
3.314000	0.405099
3.315000	0.405131
3.316000	0.405002
3.317000	0.405260
3.318000	0.405163
3.319000	0.405227
3.320000	0.405195
3.321000	0.405034
3.322000	0.405227
3.323000	0.405131
3.324000	0.405388
3.325000	0.404809
3.326000	0.405066
3.327000	0.405227
3.328000	0.405034
3.329000	0.404938
3.330000	0.404841
3.331000	0.405099
3.332000	0.405131
3.333000	0.405034
3.334000	0.405388
3.335000	0.404938
3.336000	0.405131
3.337000	0.405227
3.338000	0.404809
3.339000	0.405453
3.340000	0.405227
3.341000	0.405292
3.342000	0.405034
3.343000	0.405324
3.344000	0.405324
3.345000	0.405066
3.346000	0.405163
3.347000	0.405034
3.348000	0.405195
3.349000	0.405324
3.350000	0.405324
3.351000	0.405099
3.352000	0.405324
3.353000	0.405034
3.354000	0.405099
3.355000	0.405582
3.356000	0.405227
3.357000	0.405388
3.358000	0.404938
3.359000	0.405582
3.360000	0.405195
3.361000	0.404905
3.362000	0.405292
3.363000	0.405066
3.364000	0.405260
3.365000	0.405163
3.366000	0.405099
3.367000	0.405066
3.368000	0.405066
3.369000	0.404648
3.370000	0.405002
3.371000	0.405034
3.372000	0.405324
3.373000	0.404873
3.374000	0.404873
3.375000	0.405195
3.376000	0.405163
3.377000	0.405099
3.378000	0.405099
3.379000	0.405002
3.380000	0.405292
3.381000	0.405099
3.382000	0.404970
3.383000	0.405646
3.384000	0.405002
3.385000	0.405195
3.386000	0.405227
3.387000	0.405099
3.388000	0.405324
3.389000	0.405260
3.390000	0.405131
3.391000	0.405260
3.392000	0.405131
3.393000	0.405517
3.394000	0.404938
3.395000	0.404841
3.396000	0.405099
3.397000	0.405163
3.398000	0.405195
3.399000	0.405195
3.400000	0.405324
3.401000	0.405034
3.402000	0.405195
3.403000	0.405356
3.404000	0.405292
3.405000	0.405227
3.406000	0.405324
3.407000	0.405163
3.408000	0.405260
3.409000	0.405227
3.410000	0.405163
3.411000	0.405517
3.412000	0.405324
3.413000	0.405453
3.414000	0.405066
3.415000	0.404873
3.416000	0.405388
3.417000	0.405195
3.418000	0.405292
3.419000	0.405324
3.420000	0.404938
3.421000	0.405131
3.422000	0.405163
3.423000	0.405324
3.424000	0.405453
3.425000	0.404841
3.426000	0.405517
3.427000	0.404809
3.428000	0.405260
3.429000	0.405163
3.430000	0.405066
3.431000	0.405099
3.432000	0.404777
3.433000	0.405549
3.434000	0.405356
3.435000	0.405131
3.436000	0.405066
3.437000	0.405227
3.438000	0.405549
3.439000	0.404970
3.440000	0.405131
3.441000	0.404970
3.442000	0.405099
3.443000	0.405227
3.444000	0.404905
3.445000	0.405839
3.446000	0.405421
3.447000	0.405388
3.448000	0.405292
3.449000	0.404938
3.450000	0.405066
3.451000	0.405163
3.452000	0.405292
3.453000	0.404777
3.454000	0.405292
3.455000	0.405324
3.456000	0.405646
3.457000	0.405485
3.458000	0.405002
3.459000	0.405227
3.460000	0.404905
3.461000	0.404873
3.462000	0.405131
3.463000	0.405227
3.464000	0.405099
3.465000	0.405195
3.466000	0.405356
3.467000	0.404744
3.468000	0.405388
3.469000	0.405066
3.470000	0.405356
3.471000	0.405324
3.472000	0.405163
3.473000	0.405421
3.474000	0.405195
3.475000	0.405227
3.476000	0.404873
3.477000	0.404809
3.478000	0.405356
3.479000	0.404938
3.480000	0.405324
3.481000	0.404841
3.482000	0.405260
3.483000	0.405163
3.484000	0.404873
3.485000	0.405453
3.486000	0.405066
3.487000	0.404970
3.488000	0.405324
3.489000	0.405549
3.490000	0.405034
3.491000	0.405195
3.492000	0.405807
3.493000	0.404970
3.494000	0.405324
3.495000	0.405099
3.496000	0.405195
3.497000	0.405195
3.498000	0.405163
3.499000	0.405678
3.500000	0.405131
3.501000	0.405324
3.502000	0.405034
3.503000	0.405195
3.504000	0.405099
3.505000	0.404970
3.506000	0.405614
3.507000	0.405195
3.508000	0.405099
3.509000	0.405356
3.510000	0.405099
3.511000	0.405227
3.512000	0.405066
3.513000	0.405356
3.514000	0.405099
3.515000	0.405614
3.516000	0.405099
3.517000	0.404970
3.518000	0.405131
3.519000	0.405066
3.520000	0.405002
3.521000	0.405227
3.522000	0.405356
3.523000	0.405324
3.524000	0.405163
3.525000	0.405227
3.526000	0.405002
3.527000	0.405324
3.528000	0.404938
3.529000	0.405066
3.530000	0.405421
3.531000	0.405227
3.532000	0.404905
3.533000	0.404777
3.534000	0.405453
3.535000	0.404777
3.536000	0.405195
3.537000	0.405163
3.538000	0.405260
3.539000	0.405485
3.540000	0.405066
3.541000	0.405227
3.542000	0.404744
3.543000	0.405195
3.544000	0.405099
3.545000	0.405066
3.546000	0.405743
3.547000	0.405292
3.548000	0.405131
3.549000	0.405034
3.550000	0.405388
3.551000	0.404938
3.552000	0.405034
3.553000	0.405066
3.554000	0.404873
3.555000	0.405517
3.556000	0.405131
3.557000	0.404938
3.558000	0.404905
3.559000	0.404938
3.560000	0.405163
3.561000	0.405066
3.562000	0.405195
3.563000	0.405099
3.564000	0.404809
3.565000	0.405034
3.566000	0.405227
3.567000	0.405388
3.568000	0.405099
3.569000	0.405388
3.570000	0.405099
3.571000	0.405421
3.572000	0.405421
3.573000	0.405421
3.574000	0.405163
3.575000	0.404938
3.576000	0.405227
3.577000	0.405163
3.578000	0.404744
3.579000	0.405839
3.580000	0.405260
3.581000	0.405421
3.582000	0.405034
3.583000	0.405195
3.584000	0.405388
3.585000	0.404873
3.586000	0.405131
3.587000	0.405227
3.588000	0.405421
3.589000	0.405163
3.590000	0.404873
3.591000	0.404970
3.592000	0.404970
3.593000	0.405195
3.594000	0.405066
3.595000	0.405356
3.596000	0.405356
3.597000	0.405292
3.598000	0.405260
3.599000	0.405163
3.600000	0.405324
3.601000	0.405227
3.602000	0.405131
3.603000	0.405131
3.604000	0.405034
3.605000	0.405324
3.606000	0.405453
3.607000	0.405646
3.608000	0.405099
3.609000	0.404905
3.610000	0.405099
3.611000	0.405099
3.612000	0.405388
3.613000	0.405227
3.614000	0.405131
3.615000	0.405195
3.616000	0.405002
3.617000	0.405421
3.618000	0.405163
3.619000	0.404970
3.620000	0.405421
3.621000	0.405227
3.622000	0.405099
3.623000	0.405260
3.624000	0.405356
3.625000	0.404873
3.626000	0.405066
3.627000	0.405163
3.628000	0.405066
3.629000	0.405227
3.630000	0.405066
3.631000	0.405260
3.632000	0.405260
3.633000	0.405614
3.634000	0.405195
3.635000	0.405099
3.636000	0.405002
3.637000	0.405099
3.638000	0.405227
3.639000	0.405485
3.640000	0.405099
3.641000	0.405582
3.642000	0.404712
3.643000	0.405099
3.644000	0.405034
3.645000	0.405163
3.646000	0.405034
3.647000	0.404905
3.648000	0.405775
3.649000	0.405034
3.650000	0.405356
3.651000	0.405131
3.652000	0.404970
3.653000	0.404938
3.654000	0.404487
3.655000	0.405292
3.656000	0.405163
3.657000	0.405582
3.658000	0.404938
3.659000	0.405066
3.660000	0.405034
3.661000	0.405066
3.662000	0.405356
3.663000	0.405131
3.664000	0.405260
3.665000	0.405002
3.666000	0.405388
3.667000	0.405292
3.668000	0.404744
3.669000	0.405356
3.670000	0.405131
3.671000	0.405292
3.672000	0.405066
3.673000	0.405260
3.674000	0.405066
3.675000	0.405163
3.676000	0.405227
3.677000	0.404873
3.678000	0.405356
3.679000	0.405002
3.680000	0.405260
3.681000	0.405131
3.682000	0.404551
3.683000	0.405388
3.684000	0.404777
3.685000	0.405324
3.686000	0.405034
3.687000	0.405227
3.688000	0.404744
3.689000	0.404809
3.690000	0.405163
3.691000	0.405066
3.692000	0.405260
3.693000	0.404970
3.694000	0.405324
3.695000	0.405099
3.696000	0.405131
3.697000	0.405485
3.698000	0.405227
3.699000	0.405195
3.700000	0.405453
3.701000	0.405195
3.702000	0.405163
3.703000	0.405034
3.704000	0.405163
3.705000	0.405292
3.706000	0.405099
3.707000	0.405034
3.708000	0.405292
3.709000	0.405099
3.710000	0.405227
3.711000	0.405388
3.712000	0.405163
3.713000	0.405227
3.714000	0.404616
3.715000	0.405356
3.716000	0.404583
3.717000	0.405066
3.718000	0.406000
3.719000	0.405099
3.720000	0.405227
3.721000	0.405034
3.722000	0.405163
3.723000	0.404970
3.724000	0.404905
3.725000	0.404841
3.726000	0.405227
3.727000	0.405388
3.728000	0.405066
3.729000	0.405131
3.730000	0.405099
3.731000	0.404873
3.732000	0.405421
3.733000	0.405002
3.734000	0.405099
3.735000	0.405163
3.736000	0.405614
3.737000	0.405002
3.738000	0.405195
3.739000	0.405099
3.740000	0.405227
3.741000	0.405131
3.742000	0.404938
3.743000	0.405163
3.744000	0.405002
3.745000	0.405388
3.746000	0.405099
3.747000	0.405195
3.748000	0.405195
3.749000	0.405099
3.750000	0.405421
3.751000	0.405034
3.752000	0.405646
3.753000	0.405099
3.754000	0.405549
3.755000	0.405324
3.756000	0.405227
3.757000	0.405421
3.758000	0.405099
3.759000	0.405260
3.760000	0.405356
3.761000	0.405292
3.762000	0.405195
3.763000	0.405002
3.764000	0.405195
3.765000	0.405131
3.766000	0.405292
3.767000	0.405388
3.768000	0.405421
3.769000	0.405549
3.770000	0.405485
3.771000	0.405517
3.772000	0.405099
3.773000	0.405292
3.774000	0.405066
3.775000	0.405453
3.776000	0.405292
3.777000	0.405260
3.778000	0.405324
3.779000	0.405034
3.780000	0.405421
3.781000	0.405034
3.782000	0.405549
3.783000	0.405356
3.784000	0.405260
3.785000	0.405517
3.786000	0.405131
3.787000	0.405324
3.788000	0.405453
3.789000	0.405099
3.790000	0.404712
3.791000	0.405163
3.792000	0.405195
3.793000	0.405163
3.794000	0.405356
3.795000	0.404938
3.796000	0.405195
3.797000	0.404938
3.798000	0.405034
3.799000	0.405356
3.800000	0.405292
3.801000	0.405549
3.802000	0.405195
3.803000	0.405099
3.804000	0.405324
3.805000	0.405260
3.806000	0.405517
3.807000	0.405260
3.808000	0.405549
3.809000	0.405131
3.810000	0.405388
3.811000	0.405195
3.812000	0.405131
3.813000	0.405099
3.814000	0.404873
3.815000	0.405260
3.816000	0.405195
3.817000	0.405227
3.818000	0.405517
3.819000	0.405066
3.820000	0.405582
3.821000	0.405453
3.822000	0.405453
3.823000	0.405485
3.824000	0.405227
3.825000	0.405421
3.826000	0.405227
3.827000	0.405324
3.828000	0.405195
3.829000	0.405131
3.830000	0.405517
3.831000	0.404905
3.832000	0.405195
3.833000	0.405227
3.834000	0.405195
3.835000	0.405131
3.836000	0.405002
3.837000	0.405260
3.838000	0.404841
3.839000	0.405582
3.840000	0.405131
3.841000	0.405421
3.842000	0.405163
3.843000	0.405099
3.844000	0.405260
3.845000	0.404970
3.846000	0.407385
3.847000	0.405195
3.848000	0.405066
3.849000	0.405099
3.850000	0.404712
3.851000	0.405388
3.852000	0.404873
3.853000	0.405388
3.854000	0.405388
3.855000	0.405163
3.856000	0.405324
3.857000	0.405131
3.858000	0.405324
3.859000	0.405227
3.860000	0.404841
3.861000	0.405099
3.862000	0.405099
3.863000	0.405292
3.864000	0.405163
3.865000	0.405163
3.866000	0.405195
3.867000	0.405260
3.868000	0.405453
3.869000	0.405099
3.870000	0.405292
3.871000	0.405099
3.872000	0.405582
3.873000	0.405227
3.874000	0.404970
3.875000	0.405292
3.876000	0.404970
3.877000	0.405066
3.878000	0.405324
3.879000	0.405292
3.880000	0.405485
3.881000	0.405034
3.882000	0.405421
3.883000	0.404938
3.884000	0.405002
3.885000	0.405260
3.886000	0.405131
3.887000	0.405034
3.888000	0.405324
3.889000	0.405356
3.890000	0.404905
3.891000	0.405195
3.892000	0.404905
3.893000	0.405260
3.894000	0.405453
3.895000	0.404744
3.896000	0.405324
3.897000	0.405034
3.898000	0.405388
3.899000	0.404938
3.900000	0.405227
3.901000	0.405034
3.902000	0.405260
3.903000	0.405131
3.904000	0.405034
3.905000	0.404809
3.906000	0.405099
3.907000	0.405227
3.908000	0.405163
3.909000	0.404841
3.910000	0.405227
3.911000	0.405099
3.912000	0.405002
3.913000	0.405002
3.914000	0.405131
3.915000	0.405131
3.916000	0.404905
3.917000	0.405324
3.918000	0.405066
3.919000	0.405099
3.920000	0.405034
3.921000	0.405421
3.922000	0.404905
3.923000	0.405453
3.924000	0.405099
3.925000	0.404809
3.926000	0.405292
3.927000	0.405034
3.928000	0.405324
3.929000	0.404938
3.930000	0.405517
3.931000	0.405002
3.932000	0.405227
3.933000	0.405163
3.934000	0.405099
3.935000	0.405163
3.936000	0.405227
3.937000	0.404873
3.938000	0.405292
3.939000	0.405227
3.940000	0.405388
3.941000	0.405034
3.942000	0.405227
3.943000	0.405131
3.944000	0.405002
3.945000	0.405356
3.946000	0.405066
3.947000	0.405099
3.948000	0.405195
3.949000	0.405099
3.950000	0.405549
3.951000	0.405099
3.952000	0.405549
3.953000	0.404905
3.954000	0.405002
3.955000	0.405195
3.956000	0.405034
3.957000	0.405260
3.958000	0.404905
3.959000	0.405034
3.960000	0.404970
3.961000	0.405163
3.962000	0.405356
3.963000	0.405388
3.964000	0.405066
3.965000	0.405099
3.966000	0.405517
3.967000	0.405099
3.968000	0.405099
3.969000	0.405099
3.970000	0.404905
3.971000	0.405195
3.972000	0.405163
3.973000	0.405356
3.974000	0.405131
3.975000	0.405227
3.976000	0.405002
3.977000	0.405034
3.978000	0.405227
3.979000	0.405099
3.980000	0.405131
3.981000	0.404777
3.982000	0.405292
3.983000	0.405195
3.984000	0.405260
3.985000	0.404970
3.986000	0.405195
3.987000	0.405292
3.988000	0.405034
3.989000	0.405292
3.990000	0.405163
3.991000	0.404744
3.992000	0.404970
3.993000	0.404938
3.994000	0.405163
3.995000	0.404970
3.996000	0.405002
3.997000	0.404905
3.998000	0.405034
3.999000	0.405260
4.000000	0.404970
4.001000	0.405388
4.002000	0.404970
4.003000	0.405066
4.004000	0.405388
4.005000	0.405131
4.006000	0.405292
4.007000	0.405099
4.008000	0.405227
4.009000	0.405485
4.010000	0.405002
4.011000	0.405710
4.012000	0.405034
4.013000	0.405388
4.014000	0.404970
4.015000	0.405421
4.016000	0.405131
4.017000	0.405195
4.018000	0.405260
4.019000	0.405034
4.020000	0.405292
4.021000	0.405421
4.022000	0.405292
4.023000	0.405163
4.024000	0.405034
4.025000	0.405356
4.026000	0.405034
4.027000	0.405195
4.028000	0.405131
4.029000	0.405260
4.030000	0.405292
4.031000	0.405131
4.032000	0.405356
4.033000	0.405034
4.034000	0.405163
4.035000	0.405260
4.036000	0.405034
4.037000	0.405195
4.038000	0.405099
4.039000	0.405646
4.040000	0.404970
4.041000	0.405131
4.042000	0.405131
4.043000	0.404905
4.044000	0.405260
4.045000	0.404970
4.046000	0.405227
4.047000	0.405034
4.048000	0.405066
4.049000	0.405034
4.050000	0.405131
4.051000	0.405195
4.052000	0.405002
4.053000	0.405002
4.054000	0.405099
4.055000	0.405066
4.056000	0.405549
4.057000	0.405131
4.058000	0.405324
4.059000	0.404841
4.060000	0.405453
4.061000	0.404970
4.062000	0.405356
4.063000	0.405099
4.064000	0.404905
4.065000	0.405099
4.066000	0.404970
4.067000	0.405388
4.068000	0.405163
4.069000	0.405163
4.070000	0.405066
4.071000	0.405227
4.072000	0.405517
4.073000	0.405227
4.074000	0.405034
4.075000	0.404583
4.076000	0.405227
4.077000	0.405292
4.078000	0.405066
4.079000	0.405195
4.080000	0.404809
4.081000	0.405260
4.082000	0.404970
4.083000	0.405066
4.084000	0.405227
4.085000	0.405099
4.086000	0.405131
4.087000	0.405227
4.088000	0.405099
4.089000	0.405356
4.090000	0.405163
4.091000	0.405227
4.092000	0.404970
4.093000	0.405356
4.094000	0.405066
4.095000	0.405356
4.096000	0.405034
4.097000	0.405227
4.098000	0.405582
4.099000	0.405099
4.100000	0.405517
4.101000	0.405292
4.102000	0.405099
4.103000	0.404938
4.104000	0.404905
4.105000	0.405549
4.106000	0.405002
4.107000	0.405195
4.108000	0.405131
4.109000	0.405421
4.110000	0.405260
4.111000	0.404873
4.112000	0.405388
4.113000	0.405099
4.114000	0.405195
4.115000	0.405131
4.116000	0.405195
4.117000	0.405292
4.118000	0.405324
4.119000	0.405260
4.120000	0.405034
4.121000	0.405292
4.122000	0.405292
4.123000	0.404970
4.124000	0.405002
4.125000	0.404873
4.126000	0.405421
4.127000	0.404744
4.128000	0.405324
4.129000	0.404938
4.130000	0.405260
4.131000	0.404873
4.132000	0.405260
4.133000	0.405517
4.134000	0.405002
4.135000	0.405131
4.136000	0.405163
4.137000	0.405549
4.138000	0.405195
4.139000	0.405227
4.140000	0.405388
4.141000	0.404873
4.142000	0.404744
4.143000	0.405421
4.144000	0.405292
4.145000	0.404809
4.146000	0.405227
4.147000	0.405163
4.148000	0.404938
4.149000	0.405388
4.150000	0.405292
4.151000	0.404970
4.152000	0.405324
4.153000	0.404809
4.154000	0.405356
4.155000	0.405260
4.156000	0.405034
4.157000	0.405517
4.158000	0.404712
4.159000	0.405066
4.160000	0.405066
4.161000	0.405002
4.162000	0.405292
4.163000	0.405292
4.164000	0.404938
4.165000	0.404744
4.166000	0.405260
4.167000	0.405195
4.168000	0.405002
4.169000	0.405163
4.170000	0.404873
4.171000	0.405485
4.172000	0.405066
4.173000	0.405227
4.174000	0.405163
4.175000	0.405163
4.176000	0.405260
4.177000	0.405195
4.178000	0.405292
4.179000	0.405099
4.180000	0.405421
4.181000	0.405227
4.182000	0.404841
4.183000	0.405131
4.184000	0.404970
4.185000	0.405324
4.186000	0.405131
4.187000	0.405163
4.188000	0.405099
4.189000	0.405066
4.190000	0.405388
4.191000	0.404905
4.192000	0.405227
4.193000	0.405099
4.194000	0.405227
4.195000	0.405549
4.196000	0.405227
4.197000	0.405163
4.198000	0.405292
4.199000	0.405066
4.200000	0.405517
4.201000	0.405066
4.202000	0.405388
4.203000	0.405292
4.204000	0.405163
4.205000	0.405227
4.206000	0.405195
4.207000	0.405163
4.208000	0.404905
4.209000	0.405388
4.210000	0.405227
4.211000	0.405292
4.212000	0.405485
4.213000	0.404970
4.214000	0.405292
4.215000	0.405002
4.216000	0.405356
4.217000	0.405066
4.218000	0.405195
4.219000	0.405453
4.220000	0.405034
4.221000	0.405388
4.222000	0.405356
4.223000	0.405066
4.224000	0.405260
4.225000	0.404905
4.226000	0.405163
4.227000	0.404970
4.228000	0.405099
4.229000	0.405066
4.230000	0.404970
4.231000	0.405614
4.232000	0.405034
4.233000	0.405485
4.234000	0.405227
4.235000	0.404841
4.236000	0.405260
4.237000	0.405260
4.238000	0.405388
4.239000	0.405292
4.240000	0.405356
4.241000	0.405227
4.242000	0.405131
4.243000	0.405066
4.244000	0.405163
4.245000	0.405260
4.246000	0.404970
4.247000	0.405453
4.248000	0.405131
4.249000	0.405034
4.250000	0.405227
4.251000	0.405034
4.252000	0.405227
4.253000	0.405002
4.254000	0.405421
4.255000	0.405388
4.256000	0.405163
4.257000	0.405066
4.258000	0.404712
4.259000	0.405356
4.260000	0.404905
4.261000	0.405227
4.262000	0.405034
4.263000	0.405195
4.264000	0.405227
4.265000	0.405292
4.266000	0.405388
4.267000	0.405131
4.268000	0.405227
4.269000	0.405131
4.270000	0.404809
4.271000	0.404970
4.272000	0.404905
4.273000	0.405324
4.274000	0.404809
4.275000	0.405131
4.276000	0.405388
4.277000	0.404809
4.278000	0.405356
4.279000	0.404648
4.280000	0.405260
4.281000	0.404809
4.282000	0.405099
4.283000	0.405388
4.284000	0.404873
4.285000	0.405260
4.286000	0.404873
4.287000	0.405227
4.288000	0.405195
4.289000	0.405356
4.290000	0.405453
4.291000	0.405195
4.292000	0.405388
4.293000	0.405260
4.294000	0.405099
4.295000	0.405260
4.296000	0.404970
4.297000	0.405227
4.298000	0.405066
4.299000	0.405388
4.300000	0.405066
4.301000	0.405260
4.302000	0.405066
4.303000	0.405356
4.304000	0.405388
4.305000	0.405066
4.306000	0.405582
4.307000	0.405131
4.308000	0.404744
4.309000	0.405002
4.310000	0.404744
4.311000	0.405195
4.312000	0.404970
4.313000	0.405227
4.314000	0.405260
4.315000	0.404744
4.316000	0.405066
4.317000	0.404938
4.318000	0.405195
4.319000	0.405195
4.320000	0.404905
4.321000	0.405388
4.322000	0.405292
4.323000	0.405421
4.324000	0.404841
4.325000	0.405195
4.326000	0.405163
4.327000	0.404905
4.328000	0.405292
4.329000	0.404970
4.330000	0.405227
4.331000	0.404712
4.332000	0.405421
4.333000	0.405195
4.334000	0.405131
4.335000	0.405131
4.336000	0.404841
4.337000	0.405356
4.338000	0.405260
4.339000	0.405356
4.340000	0.405227
4.341000	0.404809
4.342000	0.405131
4.343000	0.405485
4.344000	0.405099
4.345000	0.404841
4.346000	0.405292
4.347000	0.404970
4.348000	0.405260
4.349000	0.405453
4.350000	0.404938
4.351000	0.405099
4.352000	0.405002
4.353000	0.405421
4.354000	0.405388
4.355000	0.405034
4.356000	0.405324
4.357000	0.405099
4.358000	0.405324
4.359000	0.405356
4.360000	0.405227
4.361000	0.405260
4.362000	0.405292
4.363000	0.405227
4.364000	0.404744
4.365000	0.405517
4.366000	0.404970
4.367000	0.405227
4.368000	0.405163
4.369000	0.405163
4.370000	0.405227
4.371000	0.405066
4.372000	0.405646
4.373000	0.405195
4.374000	0.404970
4.375000	0.405195
4.376000	0.405066
4.377000	0.405195
4.378000	0.405099
4.379000	0.405227
4.380000	0.405421
4.381000	0.405227
4.382000	0.404905
4.383000	0.405324
4.384000	0.405292
4.385000	0.405356
4.386000	0.405324
4.387000	0.405163
4.388000	0.405260
4.389000	0.404970
4.390000	0.404873
4.391000	0.405260
4.392000	0.404809
4.393000	0.405066
4.394000	0.404970
4.395000	0.405421
4.396000	0.404744
4.397000	0.404970
4.398000	0.405292
4.399000	0.404970
4.400000	0.405292
4.401000	0.404970
4.402000	0.404970
4.403000	0.405614
4.404000	0.405034
4.405000	0.405453
4.406000	0.405131
4.407000	0.405099
4.408000	0.405195
4.409000	0.405163
4.410000	0.405131
4.411000	0.405163
4.412000	0.405260
4.413000	0.405421
4.414000	0.405002
4.415000	0.405260
4.416000	0.405227
4.417000	0.405421
4.418000	0.405002
4.419000	0.405227
4.420000	0.405163
4.421000	0.405034
4.422000	0.405421
4.423000	0.405227
4.424000	0.405099
4.425000	0.405195
4.426000	0.405066
4.427000	0.405260
4.428000	0.405260
4.429000	0.405163
4.430000	0.405163
4.431000	0.405195
4.432000	0.405227
4.433000	0.404905
4.434000	0.405324
4.435000	0.405099
4.436000	0.405195
4.437000	0.405131
4.438000	0.405421
4.439000	0.405453
4.440000	0.404970
4.441000	0.405131
4.442000	0.405002
4.443000	0.405227
4.444000	0.404777
4.445000	0.405099
4.446000	0.405002
4.447000	0.404970
4.448000	0.404712
4.449000	0.404841
4.450000	0.405388
4.451000	0.405002
4.452000	0.405066
4.453000	0.405356
4.454000	0.405260
4.455000	0.405614
4.456000	0.405260
4.457000	0.405324
4.458000	0.405388
4.459000	0.405099
4.460000	0.405131
4.461000	0.405002
4.462000	0.405517
4.463000	0.405034
4.464000	0.405324
4.465000	0.406354
4.466000	0.405356
4.467000	0.405227
4.468000	0.404873
4.469000	0.405388
4.470000	0.405099
4.471000	0.405356
4.472000	0.405292
4.473000	0.405292
4.474000	0.405260
4.475000	0.404970
4.476000	0.405549
4.477000	0.405034
4.478000	0.405356
4.479000	0.405131
4.480000	0.405066
4.481000	0.405099
4.482000	0.405227
4.483000	0.405614
4.484000	0.404873
4.485000	0.405292
4.486000	0.404809
4.487000	0.405324
4.488000	0.405260
4.489000	0.405388
4.490000	0.405421
4.491000	0.405002
4.492000	0.405227
4.493000	0.404873
4.494000	0.405324
4.495000	0.405099
4.496000	0.405163
4.497000	0.405066
4.498000	0.404970
4.499000	0.405356
4.500000	0.405131
4.501000	0.405131
4.502000	0.405131
4.503000	0.404680
4.504000	0.404873
4.505000	0.404487
4.506000	0.405388
4.507000	0.405099
4.508000	0.405195
4.509000	0.405099
4.510000	0.405131
4.511000	0.405453
4.512000	0.405034
4.513000	0.405099
4.514000	0.405002
4.515000	0.405066
4.516000	0.405034
4.517000	0.405324
4.518000	0.405227
4.519000	0.404938
4.520000	0.405324
4.521000	0.405260
4.522000	0.405549
4.523000	0.405356
4.524000	0.405421
4.525000	0.405421
4.526000	0.405002
4.527000	0.405485
4.528000	0.405066
4.529000	0.405163
4.530000	0.405066
4.531000	0.404744
4.532000	0.405099
4.533000	0.404777
4.534000	0.405549
4.535000	0.404938
4.536000	0.405453
4.537000	0.404970
4.538000	0.405034
4.539000	0.405292
4.540000	0.405227
4.541000	0.405227
4.542000	0.405163
4.543000	0.405324
4.544000	0.405002
4.545000	0.405453
4.546000	0.405260
4.547000	0.405034
4.548000	0.405356
4.549000	0.405066
4.550000	0.405099
4.551000	0.405131
4.552000	0.405099
4.553000	0.405195
4.554000	0.404970
4.555000	0.405227
4.556000	0.404970
4.557000	0.405388
4.558000	0.405099
4.559000	0.405356
4.560000	0.405614
4.561000	0.404841
4.562000	0.405163
4.563000	0.404809
4.564000	0.405485
4.565000	0.405260
4.566000	0.405227
4.567000	0.405678
4.568000	0.405131
4.569000	0.405549
4.570000	0.404841
4.571000	0.405099
4.572000	0.405066
4.573000	0.405066
4.574000	0.405356
4.575000	0.405066
4.576000	0.405453
4.577000	0.405066
4.578000	0.405131
4.579000	0.404938
4.580000	0.404712
4.581000	0.405356
4.582000	0.405227
4.583000	0.405163
4.584000	0.404841
4.585000	0.405195
4.586000	0.405195
4.587000	0.405066
4.588000	0.405260
4.589000	0.404970
4.590000	0.405356
4.591000	0.405163
4.592000	0.404905
4.593000	0.405002
4.594000	0.405002
4.595000	0.405131
4.596000	0.404519
4.597000	0.404873
4.598000	0.404712
4.599000	0.405260
4.600000	0.405034
4.601000	0.404744
4.602000	0.405099
4.603000	0.404970
4.604000	0.405453
4.605000	0.405195
4.606000	0.405292
4.607000	0.405034
4.608000	0.404712
4.609000	0.405163
4.610000	0.405099
4.611000	0.405421
4.612000	0.405195
4.613000	0.405195
4.614000	0.405066
4.615000	0.405356
4.616000	0.405163
4.617000	0.405099
4.618000	0.405582
4.619000	0.405034
4.620000	0.405517
4.621000	0.405324
4.622000	0.405002
4.623000	0.405195
4.624000	0.404777
4.625000	0.405195
4.626000	0.405324
4.627000	0.405131
4.628000	0.405517
4.629000	0.405292
4.630000	0.405549
4.631000	0.405195
4.632000	0.405549
4.633000	0.405292
4.634000	0.404841
4.635000	0.405292
4.636000	0.404873
4.637000	0.405517
4.638000	0.405260
4.639000	0.405485
4.640000	0.405163
4.641000	0.404873
4.642000	0.405066
4.643000	0.405099
4.644000	0.405421
4.645000	0.405034
4.646000	0.405034
4.647000	0.405034
4.648000	0.404970
4.649000	0.405356
4.650000	0.405066
4.651000	0.405292
4.652000	0.405227
4.653000	0.405388
4.654000	0.405549
4.655000	0.405099
4.656000	0.405388
4.657000	0.404905
4.658000	0.405034
4.659000	0.404744
4.660000	0.405131
4.661000	0.405227
4.662000	0.405163
4.663000	0.405099
4.664000	0.405034
4.665000	0.405549
4.666000	0.405002
4.667000	0.405292
4.668000	0.405163
4.669000	0.405034
4.670000	0.405099
4.671000	0.405034
4.672000	0.405388
4.673000	0.405227
4.674000	0.405324
4.675000	0.405292
4.676000	0.405163
4.677000	0.405163
4.678000	0.404938
4.679000	0.405099
4.680000	0.405163
4.681000	0.405582
4.682000	0.405099
4.683000	0.405356
4.684000	0.405066
4.685000	0.404777
4.686000	0.405260
4.687000	0.405163
4.688000	0.405388
4.689000	0.405356
4.690000	0.404970
4.691000	0.404970
4.692000	0.404938
4.693000	0.405421
4.694000	0.404905
4.695000	0.405227
4.696000	0.404970
4.697000	0.404873
4.698000	0.405324
4.699000	0.405324
4.700000	0.405356
4.701000	0.405260
4.702000	0.405260
4.703000	0.404905
4.704000	0.405066
4.705000	0.405324
4.706000	0.405002
4.707000	0.405227
4.708000	0.404905
4.709000	0.405163
4.710000	0.405002
4.711000	0.405002
4.712000	0.405356
4.713000	0.405131
4.714000	0.405227
4.715000	0.405066
4.716000	0.405388
4.717000	0.405163
4.718000	0.404970
4.719000	0.405227
4.720000	0.405099
4.721000	0.405388
4.722000	0.405614
4.723000	0.405710
4.724000	0.405356
4.725000	0.405227
4.726000	0.404938
4.727000	0.404873
4.728000	0.405356
4.729000	0.405227
4.730000	0.405356
4.731000	0.405388
4.732000	0.405227
4.733000	0.405260
4.734000	0.405034
4.735000	0.405388
4.736000	0.404970
4.737000	0.405034
4.738000	0.405388
4.739000	0.405292
4.740000	0.405549
4.741000	0.405066
4.742000	0.405163
4.743000	0.404970
4.744000	0.404970
4.745000	0.405388
4.746000	0.404777
4.747000	0.405227
4.748000	0.405066
4.749000	0.405292
4.750000	0.405227
4.751000	0.405260
4.752000	0.405485
4.753000	0.405227
4.754000	0.405227
4.755000	0.405292
4.756000	0.405131
4.757000	0.405356
4.758000	0.405227
4.759000	0.405227
4.760000	0.404809
4.761000	0.405324
4.762000	0.405002
4.763000	0.405388
4.764000	0.405292
4.765000	0.405099
4.766000	0.405549
4.767000	0.405163
4.768000	0.405131
4.769000	0.405163
4.770000	0.405453
4.771000	0.405356
4.772000	0.405292
4.773000	0.405936
4.774000	0.404970
4.775000	0.405453
4.776000	0.405292
4.777000	0.405131
4.778000	0.405421
4.779000	0.404905
4.780000	0.405485
4.781000	0.405421
4.782000	0.405485
4.783000	0.405646
4.784000	0.405227
4.785000	0.405485
4.786000	0.405066
4.787000	0.405582
4.788000	0.405453
4.789000	0.405453
4.790000	0.405227
4.791000	0.405421
4.792000	0.405517
4.793000	0.405356
4.794000	0.405549
4.795000	0.405388
4.796000	0.405356
4.797000	0.405227
4.798000	0.405131
4.799000	0.405163
4.800000	0.405034
4.801000	0.405453
4.802000	0.405034
4.803000	0.405002
4.804000	0.405646
4.805000	0.405292
4.806000	0.405582
4.807000	0.405131
4.808000	0.405195
4.809000	0.405356
4.810000	0.405195
4.811000	0.405195
4.812000	0.405163
4.813000	0.405163
4.814000	0.405421
4.815000	0.405131
4.816000	0.405066
4.817000	0.405002
4.818000	0.405324
4.819000	0.405356
4.820000	0.405292
4.821000	0.405227
4.822000	0.405421
4.823000	0.405227
4.824000	0.405131
4.825000	0.405066
4.826000	0.405002
4.827000	0.405421
4.828000	0.405099
4.829000	0.404938
4.830000	0.404809
4.831000	0.404873
4.832000	0.405324
4.833000	0.405002
4.834000	0.405195
4.835000	0.404905
4.836000	0.405195
4.837000	0.405099
4.838000	0.404873
4.839000	0.405356
4.840000	0.405066
4.841000	0.405099
4.842000	0.405227
4.843000	0.405002
4.844000	0.405195
4.845000	0.405227
4.846000	0.405292
4.847000	0.404551
4.848000	0.405099
4.849000	0.405195
4.850000	0.405131
4.851000	0.405131
4.852000	0.405066
4.853000	0.405163
4.854000	0.405002
4.855000	0.404938
4.856000	0.405292
4.857000	0.404905
4.858000	0.405292
4.859000	0.405163
4.860000	0.405163
4.861000	0.404938
4.862000	0.404938
4.863000	0.405549
4.864000	0.404905
4.865000	0.405227
4.866000	0.405002
4.867000	0.405260
4.868000	0.405227
4.869000	0.404970
4.870000	0.405195
4.871000	0.405195
4.872000	0.405421
4.873000	0.405034
4.874000	0.405388
4.875000	0.404712
4.876000	0.405260
4.877000	0.405260
4.878000	0.404905
4.879000	0.405131
4.880000	0.405163
4.881000	0.405099
4.882000	0.405195
4.883000	0.404970
4.884000	0.405421
4.885000	0.405099
4.886000	0.405324
4.887000	0.405131
4.888000	0.405324
4.889000	0.405614
4.890000	0.405002
4.891000	0.405163
4.892000	0.405131
4.893000	0.405485
4.894000	0.405195
4.895000	0.405066
4.896000	0.405131
4.897000	0.404970
4.898000	0.405227
4.899000	0.405292
4.900000	0.405324
4.901000	0.405099
4.902000	0.405099
4.903000	0.405227
4.904000	0.405163
4.905000	0.405485
4.906000	0.404938
4.907000	0.404970
4.908000	0.405099
4.909000	0.405227
4.910000	0.405260
4.911000	0.404938
4.912000	0.405356
4.913000	0.404970
4.914000	0.405260
4.915000	0.405260
4.916000	0.405421
4.917000	0.405163
4.918000	0.404841
4.919000	0.405260
4.920000	0.405163
4.921000	0.405324
4.922000	0.405227
4.923000	0.404905
4.924000	0.405066
4.925000	0.404712
4.926000	0.405292
4.927000	0.404744
4.928000	0.405002
4.929000	0.405131
4.930000	0.405034
4.931000	0.405260
4.932000	0.405131
4.933000	0.405292
4.934000	0.405131
4.935000	0.405099
4.936000	0.404873
4.937000	0.404777
4.938000	0.405839
4.939000	0.405066
4.940000	0.405260
4.941000	0.404938
4.942000	0.405163
4.943000	0.405099
4.944000	0.405066
4.945000	0.405324
4.946000	0.404970
4.947000	0.405260
4.948000	0.405034
4.949000	0.405388
4.950000	0.405163
4.951000	0.405195
4.952000	0.405131
4.953000	0.405099
4.954000	0.405614
4.955000	0.405034
4.956000	0.405195
4.957000	0.405227
4.958000	0.404809
4.959000	0.405646
4.960000	0.404970
4.961000	0.405453
4.962000	0.405195
4.963000	0.404809
4.964000	0.405163
4.965000	0.405131
4.966000	0.405195
4.967000	0.404841
4.968000	0.405324
4.969000	0.405260
4.970000	0.405195
4.971000	0.405421
4.972000	0.405099
4.973000	0.405195
4.974000	0.404938
4.975000	0.405163
4.976000	0.404970
4.977000	0.405388
4.978000	0.405453
4.979000	0.405066
4.980000	0.405099
4.981000	0.404970
4.982000	0.405614
4.983000	0.405034
4.984000	0.405260
4.985000	0.405356
4.986000	0.404616
4.987000	0.405066
4.988000	0.405066
4.989000	0.405421
4.990000	0.405066
4.991000	0.405002
4.992000	0.405163
4.993000	0.405163
4.994000	0.405195
4.995000	0.404905
4.996000	0.405131
4.997000	0.404744
4.998000	0.405421
4.999000	0.405131
