LabVIEW Measurement	
Writer_Version	2
Reader_Version	2
Separator	Tab
Decimal_Separator	.
Multi_Headings	No
X_Columns	Multi
Time_Pref	Absolute
Operator	mmolter
Date	2018/09/11
Time	13:14:31.5168736300348853972
***End_of_Header***	
	
Channels	1	
Samples	5000	
Date	2018/09/11	
Time	13:14:31.5168736300348853972	
Y_Unit_Label	Volts	
X_Dimension	Time	
X0	0.0000000000000000E+0	
Delta_X	0.001000	
***End_of_Header***		
X_Value	Voltage	Comment
0.000000	0.010965
0.001000	-0.010544
0.002000	-0.037979
0.003000	-0.066702
0.004000	-0.087085
0.005000	-0.104473
0.006000	-0.110656
0.007000	-0.106985
0.008000	-0.091690
0.009000	-0.070437
0.010000	-0.045192
0.011000	-0.015181
0.012000	0.008454
0.013000	0.026486
0.014000	0.037595
0.015000	0.037531
0.016000	0.024683
0.017000	0.005202
0.018000	-0.016985
0.019000	-0.046512
0.020000	-0.073432
0.021000	-0.093525
0.022000	-0.106276
0.023000	-0.110269
0.024000	-0.102863
0.025000	-0.083672
0.026000	-0.061711
0.027000	-0.034663
0.028000	-0.006101
0.029000	0.014862
0.030000	0.032443
0.031000	0.038819
0.032000	0.035341
0.033000	0.019724
0.034000	-0.000949
0.035000	-0.026097
0.036000	-0.056462
0.037000	-0.080419
0.038000	-0.098419
0.039000	-0.108820
0.040000	-0.108917
0.041000	-0.096359
0.042000	-0.076555
0.043000	-0.054659
0.044000	-0.025421
0.045000	0.002078
0.046000	0.021624
0.047000	0.034697
0.048000	0.038980
0.049000	0.031477
0.050000	0.012704
0.051000	-0.009256
0.052000	-0.036788
0.053000	-0.065414
0.054000	-0.086248
0.055000	-0.103378
0.056000	-0.109722
0.057000	-0.106244
0.058000	-0.090563
0.059000	-0.069536
0.060000	-0.044355
0.061000	-0.014022
0.062000	0.009130
0.063000	0.027903
0.064000	0.038722
0.065000	0.038561
0.066000	0.026357
0.067000	0.006876
0.068000	-0.015664
0.069000	-0.044999
0.070000	-0.072112
0.071000	-0.091754
0.072000	-0.104795
0.073000	-0.108820
0.074000	-0.100802
0.075000	-0.081804
0.076000	-0.060423
0.077000	-0.032892
0.078000	-0.004008
0.079000	0.017567
0.080000	0.034472
0.081000	0.041266
0.082000	0.038271
0.083000	0.022815
0.084000	0.001660
0.085000	-0.023425
0.086000	-0.053371
0.087000	-0.077167
0.088000	-0.094974
0.089000	-0.105407
0.090000	-0.105407
0.091000	-0.092913
0.092000	-0.073271
0.093000	-0.051310
0.094000	-0.021106
0.095000	0.005427
0.096000	0.024973
0.097000	0.038883
0.098000	0.042844
0.099000	0.035341
0.100000	0.016440
0.101000	-0.004909
0.102000	-0.032473
0.103000	-0.061389
0.104000	-0.082802
0.105000	-0.098999
0.106000	-0.105954
0.107000	-0.102573
0.108000	-0.086409
0.109000	-0.065639
0.110000	-0.040716
0.111000	-0.011027
0.112000	0.012833
0.113000	0.031574
0.114000	0.041974
0.115000	0.042168
0.116000	0.030640
0.117000	0.010225
0.118000	-0.012122
0.119000	-0.041811
0.120000	-0.068731
0.121000	-0.087439
0.122000	-0.101382
0.123000	-0.105182
0.124000	-0.097228
0.125000	-0.078455
0.126000	-0.057686
0.127000	-0.029478
0.128000	-0.000820
0.129000	0.020915
0.130000	0.037241
0.131000	0.044808
0.132000	0.041363
0.133000	0.025295
0.134000	0.004622
0.135000	-0.019947
0.136000	-0.049732
0.137000	-0.073915
0.138000	-0.092269
0.139000	-0.101929
0.140000	-0.102348
0.141000	-0.090112
0.142000	-0.069890
0.143000	-0.047800
0.144000	-0.017918
0.145000	0.008583
0.146000	0.028515
0.147000	0.042651
0.148000	0.046482
0.149000	0.039302
0.150000	0.020368
0.151000	-0.000788
0.152000	-0.028673
0.153000	-0.057879
0.154000	-0.078777
0.155000	-0.094684
0.156000	-0.102155
0.157000	-0.097904
0.158000	-0.082126
0.159000	-0.062001
0.160000	-0.036820
0.161000	-0.006938
0.162000	0.018050
0.163000	0.036404
0.164000	0.046128
0.165000	0.047416
0.166000	0.035309
0.167000	0.014604
0.168000	-0.007389
0.169000	-0.036756
0.170000	-0.063160
0.171000	-0.081868
0.172000	-0.096520
0.173000	-0.099514
0.174000	-0.092044
0.175000	-0.073722
0.176000	-0.051793
0.177000	-0.023392
0.178000	0.005202
0.179000	0.026615
0.180000	0.043230
0.181000	0.050894
0.182000	0.046965
0.183000	0.031252
0.184000	0.011416
0.185000	-0.013056
0.186000	-0.042874
0.187000	-0.066831
0.188000	-0.085861
0.189000	-0.094877
0.190000	-0.095682
0.191000	-0.083253
0.192000	-0.062548
0.193000	-0.040040
0.194000	-0.010834
0.195000	0.015828
0.196000	0.035921
0.197000	0.050250
0.198000	0.053760
0.199000	0.047287
0.200000	0.028869
0.201000	0.007810
0.202000	-0.020044
0.203000	-0.049346
0.204000	-0.069922
0.205000	-0.085829
0.206000	-0.093300
0.207000	-0.088824
0.208000	-0.072852
0.209000	-0.052566
0.210000	-0.027836
0.211000	0.002497
0.212000	0.027388
0.213000	0.046321
0.214000	0.056143
0.215000	0.057559
0.216000	0.045516
0.217000	0.025069
0.218000	0.003205
0.219000	-0.026580
0.220000	-0.052534
0.221000	-0.071339
0.222000	-0.085507
0.223000	-0.088663
0.224000	-0.081257
0.225000	-0.062838
0.226000	-0.040781
0.227000	-0.012798
0.228000	0.016568
0.229000	0.037563
0.230000	0.054178
0.231000	0.062389
0.232000	0.058493
0.233000	0.042876
0.234000	0.022300
0.235000	-0.001593
0.236000	-0.031700
0.237000	-0.055367
0.238000	-0.074559
0.239000	-0.083446
0.240000	-0.084155
0.241000	-0.071918
0.242000	-0.051246
0.243000	-0.029027
0.244000	0.000436
0.245000	0.027259
0.246000	0.046933
0.247000	0.061295
0.248000	0.065255
0.249000	0.058300
0.250000	0.040107
0.251000	0.018887
0.252000	-0.008967
0.253000	-0.038108
0.254000	-0.059264
0.255000	-0.075010
0.256000	-0.082351
0.257000	-0.078294
0.258000	-0.062741
0.259000	-0.041489
0.260000	-0.017339
0.261000	0.013219
0.262000	0.037402
0.263000	0.056207
0.264000	0.066608
0.265000	0.067606
0.266000	0.055821
0.267000	0.035406
0.268000	0.013284
0.269000	-0.016244
0.270000	-0.042358
0.271000	-0.061711
0.272000	-0.075493
0.273000	-0.079067
0.274000	-0.071596
0.275000	-0.053049
0.276000	-0.031249
0.277000	-0.003621
0.278000	0.025552
0.279000	0.046676
0.280000	0.063742
0.281000	0.071277
0.282000	0.067638
0.283000	0.052440
0.284000	0.031574
0.285000	0.007262
0.286000	-0.022845
0.287000	-0.046738
0.288000	-0.065285
0.289000	-0.075106
0.290000	-0.075622
0.291000	-0.063385
0.292000	-0.042809
0.293000	-0.020849
0.294000	0.008679
0.295000	0.035889
0.296000	0.055466
0.297000	0.069474
0.298000	0.073756
0.299000	0.066543
0.300000	0.048253
0.301000	0.026776
0.302000	-0.000756
0.303000	-0.029736
0.304000	-0.050924
0.305000	-0.067378
0.306000	-0.074333
0.307000	-0.070566
0.308000	-0.054788
0.309000	-0.033858
0.310000	-0.009224
0.311000	0.021270
0.312000	0.045162
0.313000	0.063710
0.314000	0.074561
0.315000	0.075076
0.316000	0.063227
0.317000	0.043456
0.318000	0.021044
0.319000	-0.008162
0.320000	-0.035339
0.321000	-0.054691
0.322000	-0.067926
0.323000	-0.071983
0.324000	-0.064319
0.325000	-0.045417
0.326000	-0.024584
0.327000	0.002980
0.328000	0.032186
0.329000	0.053824
0.330000	0.070504
0.331000	0.077588
0.332000	0.074915
0.333000	0.059266
0.334000	0.037982
0.335000	0.013252
0.336000	-0.016566
0.337000	-0.040716
0.338000	-0.058845
0.339000	-0.069246
0.340000	-0.069375
0.341000	-0.057460
0.342000	-0.037625
0.343000	-0.015342
0.344000	0.014282
0.345000	0.041427
0.346000	0.060425
0.347000	0.074754
0.348000	0.079101
0.349000	0.071438
0.350000	0.052955
0.351000	0.031702
0.352000	0.004429
0.353000	-0.024906
0.354000	-0.046222
0.355000	-0.062870
0.356000	-0.069503
0.357000	-0.066605
0.358000	-0.050441
0.359000	-0.029768
0.360000	-0.004909
0.361000	0.024522
0.362000	0.048479
0.363000	0.067864
0.364000	0.077878
0.365000	0.078329
0.366000	0.067059
0.367000	0.047062
0.368000	0.024264
0.369000	-0.005199
0.370000	-0.032859
0.371000	-0.051246
0.372000	-0.065124
0.373000	-0.069536
0.374000	-0.061357
0.375000	-0.043357
0.376000	-0.022394
0.377000	0.005298
0.378000	0.034279
0.379000	0.056078
0.380000	0.072661
0.381000	0.079810
0.382000	0.077234
0.383000	0.060812
0.384000	0.039559
0.385000	0.014862
0.386000	-0.015020
0.387000	-0.038462
0.388000	-0.057299
0.389000	-0.067636
0.390000	-0.067539
0.391000	-0.056366
0.392000	-0.037045
0.393000	-0.014022
0.394000	0.015731
0.395000	0.042683
0.396000	0.061262
0.397000	0.075753
0.398000	0.080228
0.399000	0.072243
0.400000	0.053631
0.401000	0.032314
0.402000	0.005041
0.403000	-0.024069
0.404000	-0.046029
0.405000	-0.062484
0.406000	-0.069439
0.407000	-0.066734
0.408000	-0.050570
0.409000	-0.029736
0.410000	-0.005167
0.411000	0.024039
0.412000	0.047931
0.413000	0.067477
0.414000	0.077169
0.415000	0.077330
0.416000	0.066350
0.417000	0.046321
0.418000	0.024039
0.419000	-0.006101
0.420000	-0.033568
0.421000	-0.052373
0.422000	-0.065961
0.423000	-0.071210
0.424000	-0.062967
0.425000	-0.044548
0.426000	-0.023779
0.427000	0.003592
0.428000	0.032572
0.429000	0.054822
0.430000	0.070697
0.431000	0.077813
0.432000	0.075302
0.433000	0.059169
0.434000	0.037595
0.435000	0.013058
0.436000	-0.016952
0.437000	-0.040169
0.438000	-0.058942
0.439000	-0.069954
0.440000	-0.069342
0.441000	-0.058265
0.442000	-0.038752
0.443000	-0.016276
0.444000	0.013767
0.445000	0.041073
0.446000	0.059685
0.447000	0.073756
0.448000	0.078812
0.449000	0.070890
0.450000	0.051796
0.451000	0.031123
0.452000	0.003849
0.453000	-0.025163
0.454000	-0.046834
0.455000	-0.063965
0.456000	-0.070180
0.457000	-0.067668
0.458000	-0.052083
0.459000	-0.030509
0.460000	-0.006101
0.461000	0.023459
0.462000	0.047287
0.463000	0.066447
0.464000	0.077330
0.465000	0.077105
0.466000	0.065835
0.467000	0.045871
0.468000	0.023974
0.469000	-0.006294
0.470000	-0.033600
0.471000	-0.053081
0.472000	-0.065961
0.473000	-0.071146
0.474000	-0.063096
0.475000	-0.044387
0.476000	-0.023811
0.477000	0.003270
0.478000	0.032057
0.479000	0.054629
0.480000	0.071212
0.481000	0.077910
0.482000	0.075527
0.483000	0.059813
0.484000	0.038497
0.485000	0.013735
0.486000	-0.016405
0.487000	-0.040265
0.488000	-0.058394
0.489000	-0.069536
0.490000	-0.068763
0.491000	-0.057847
0.492000	-0.037947
0.493000	-0.015922
0.494000	0.014024
0.495000	0.041588
0.496000	0.060168
0.497000	0.074175
0.498000	0.079359
0.499000	0.071470
0.500000	0.052504
0.501000	0.031992
0.502000	0.004429
0.503000	-0.024069
0.504000	-0.045965
0.505000	-0.063063
0.506000	-0.069375
0.507000	-0.066702
0.508000	-0.051117
0.509000	-0.029800
0.510000	-0.005135
0.511000	0.024715
0.512000	0.048511
0.513000	0.067445
0.514000	0.078264
0.515000	0.078296
0.516000	0.066930
0.517000	0.047159
0.518000	0.024940
0.519000	-0.005103
0.520000	-0.032054
0.521000	-0.051342
0.522000	-0.064899
0.523000	-0.069664
0.524000	-0.061904
0.525000	-0.043163
0.526000	-0.022394
0.527000	0.004783
0.528000	0.034150
0.529000	0.056110
0.530000	0.072758
0.531000	0.079778
0.532000	0.076976
0.533000	0.061584
0.534000	0.040397
0.535000	0.015570
0.536000	-0.014119
0.537000	-0.038269
0.538000	-0.056752
0.539000	-0.067475
0.540000	-0.067571
0.541000	-0.055979
0.542000	-0.035757
0.543000	-0.013668
0.544000	0.016085
0.545000	0.043327
0.546000	0.062293
0.547000	0.076558
0.548000	0.081227
0.549000	0.073853
0.550000	0.055531
0.551000	0.034311
0.552000	0.006973
0.553000	-0.022330
0.554000	-0.043872
0.555000	-0.060648
0.556000	-0.067314
0.557000	-0.064512
0.558000	-0.048573
0.559000	-0.027675
0.560000	-0.003460
0.561000	0.026583
0.562000	0.050636
0.563000	0.069602
0.564000	0.080293
0.565000	0.081066
0.566000	0.069474
0.567000	0.049542
0.568000	0.027066
0.569000	-0.002462
0.570000	-0.029832
0.571000	-0.048831
0.572000	-0.062548
0.573000	-0.066863
0.574000	-0.059328
0.575000	-0.040942
0.576000	-0.019850
0.577000	0.007584
0.578000	0.036661
0.579000	0.058042
0.580000	0.075173
0.581000	0.082515
0.582000	0.079295
0.583000	0.064096
0.584000	0.042973
0.585000	0.018629
0.586000	-0.011575
0.587000	-0.035500
0.588000	-0.054337
0.589000	-0.064480
0.590000	-0.065317
0.591000	-0.053210
0.592000	-0.033439
0.593000	-0.011414
0.594000	0.018114
0.595000	0.045194
0.596000	0.064901
0.597000	0.079037
0.598000	0.083223
0.599000	0.076268
0.600000	0.058010
0.601000	0.036017
0.602000	0.008744
0.603000	-0.020881
0.604000	-0.041650
0.605000	-0.058426
0.606000	-0.065961
0.607000	-0.062323
0.608000	-0.047028
0.609000	-0.026516
0.610000	-0.001947
0.611000	0.028418
0.612000	0.052568
0.613000	0.071373
0.614000	0.081999
0.615000	0.083127
0.616000	0.071084
0.617000	0.050733
0.618000	0.028611
0.619000	-0.000466
0.620000	-0.027707
0.621000	-0.047511
0.622000	-0.061292
0.623000	-0.065189
0.624000	-0.058298
0.625000	-0.039879
0.626000	-0.018015
0.627000	0.009388
0.628000	0.038207
0.629000	0.059685
0.630000	0.076880
0.631000	0.084318
0.632000	0.080776
0.633000	0.065738
0.634000	0.044744
0.635000	0.020432
0.636000	-0.009965
0.637000	-0.034502
0.638000	-0.052727
0.639000	-0.063160
0.640000	-0.064190
0.641000	-0.051664
0.642000	-0.031958
0.643000	-0.010061
0.644000	0.019209
0.645000	0.046804
0.646000	0.067059
0.647000	0.080357
0.648000	0.084865
0.649000	0.078522
0.650000	0.059524
0.651000	0.037756
0.652000	0.010354
0.653000	-0.019174
0.654000	-0.040008
0.655000	-0.057010
0.656000	-0.064512
0.657000	-0.060841
0.658000	-0.045868
0.659000	-0.025324
0.660000	-0.000498
0.661000	0.029642
0.662000	0.054211
0.663000	0.072243
0.664000	0.083094
0.665000	0.084221
0.666000	0.072243
0.667000	0.051731
0.668000	0.030028
0.669000	0.000565
0.670000	-0.026516
0.671000	-0.046448
0.672000	-0.060648
0.673000	-0.064384
0.674000	-0.057943
0.675000	-0.039203
0.676000	-0.017435
0.677000	0.010418
0.678000	0.038915
0.679000	0.060135
0.680000	0.077846
0.681000	0.085509
0.682000	0.081871
0.683000	0.066543
0.684000	0.046128
0.685000	0.021656
0.686000	-0.008451
0.687000	-0.033568
0.688000	-0.051858
0.689000	-0.061808
0.690000	-0.063096
0.691000	-0.050731
0.692000	-0.030702
0.693000	-0.008548
0.694000	0.020432
0.695000	0.047835
0.696000	0.068057
0.697000	0.082450
0.698000	0.086411
0.699000	0.080293
0.700000	0.061423
0.701000	0.040010
0.702000	0.011964
0.703000	-0.017468
0.704000	-0.038559
0.705000	-0.054981
0.706000	-0.062967
0.707000	-0.059231
0.708000	-0.043485
0.709000	-0.023521
0.710000	0.001241
0.711000	0.031541
0.712000	0.056819
0.713000	0.075109
0.714000	0.085348
0.715000	0.086991
0.716000	0.074787
0.717000	0.054629
0.718000	0.032153
0.719000	0.002787
0.720000	-0.024165
0.721000	-0.043485
0.722000	-0.058201
0.723000	-0.061711
0.724000	-0.055174
0.725000	-0.037013
0.726000	-0.015052
0.727000	0.012801
0.728000	0.042007
0.729000	0.063162
0.730000	0.080164
0.731000	0.088214
0.732000	0.084576
0.733000	0.068958
0.734000	0.049059
0.735000	0.024232
0.736000	-0.005747
0.737000	-0.030541
0.738000	-0.049636
0.739000	-0.059296
0.740000	-0.060713
0.741000	-0.048799
0.742000	-0.028222
0.743000	-0.005811
0.744000	0.023202
0.745000	0.050411
0.746000	0.070118
0.747000	0.084737
0.748000	0.088826
0.749000	0.082321
0.750000	0.064128
0.751000	0.042715
0.752000	0.014829
0.753000	-0.014698
0.754000	-0.035951
0.755000	-0.052534
0.756000	-0.060455
0.757000	-0.056945
0.758000	-0.041135
0.759000	-0.020913
0.760000	0.003559
0.761000	0.033989
0.762000	0.058880
0.763000	0.077685
0.764000	0.088021
0.765000	0.089695
0.766000	0.077910
0.767000	0.057431
0.768000	0.034955
0.769000	0.005652
0.770000	-0.021299
0.771000	-0.040813
0.772000	-0.055271
0.773000	-0.059425
0.774000	-0.052373
0.775000	-0.034051
0.776000	-0.012348
0.777000	0.015216
0.778000	0.044100
0.779000	0.065513
0.780000	0.082708
0.781000	0.090468
0.782000	0.086926
0.783000	0.071760
0.784000	0.051152
0.785000	0.026647
0.786000	-0.003493
0.787000	-0.028383
0.788000	-0.047414
0.789000	-0.057493
0.790000	-0.058748
0.791000	-0.046641
0.792000	-0.026484
0.793000	-0.004684
0.794000	0.024683
0.795000	0.051763
0.796000	0.071695
0.797000	0.086057
0.798000	0.090565
0.799000	0.083867
0.800000	0.065416
0.801000	0.043810
0.802000	0.016085
0.803000	-0.013120
0.804000	-0.034888
0.805000	-0.051181
0.806000	-0.058942
0.807000	-0.055239
0.808000	-0.040137
0.809000	-0.019496
0.810000	0.004815
0.811000	0.035438
0.812000	0.060039
0.813000	0.079005
0.814000	0.089792
0.815000	0.091048
0.816000	0.079842
0.817000	0.059395
0.818000	0.037338
0.819000	0.008003
0.820000	-0.019206
0.821000	-0.038945
0.822000	-0.052695
0.823000	-0.057010
0.824000	-0.050151
0.825000	-0.031700
0.826000	-0.010255
0.827000	0.017341
0.828000	0.046515
0.829000	0.068314
0.830000	0.085767
0.831000	0.093334
0.832000	0.090146
0.833000	0.075302
0.834000	0.053921
0.835000	0.029803
0.836000	-0.000723
0.837000	-0.025067
0.838000	-0.043614
0.839000	-0.054498
0.840000	-0.055464
0.841000	-0.043872
0.842000	-0.023586
0.843000	-0.002011
0.844000	0.027581
0.845000	0.055016
0.846000	0.074851
0.847000	0.088601
0.848000	0.093527
0.849000	0.086926
0.850000	0.068025
0.851000	0.046804
0.852000	0.019370
0.853000	-0.009836
0.854000	-0.031732
0.855000	-0.048670
0.856000	-0.055947
0.857000	-0.052985
0.858000	-0.037689
0.859000	-0.016663
0.860000	0.007745
0.861000	0.037756
0.862000	0.062067
0.863000	0.081130
0.864000	0.092110
0.865000	0.092787
0.866000	0.081613
0.867000	0.061520
0.868000	0.039398
0.869000	0.009935
0.870000	-0.017564
0.871000	-0.036852
0.872000	-0.050892
0.873000	-0.055464
0.874000	-0.048122
0.875000	-0.029736
0.876000	-0.008773
0.877000	0.018565
0.878000	0.048028
0.879000	0.070150
0.880000	0.086958
0.881000	0.094622
0.882000	0.092207
0.883000	0.076590
0.884000	0.055241
0.885000	0.031284
0.886000	0.001177
0.887000	-0.023038
0.888000	-0.041940
0.889000	-0.052759
0.890000	-0.053242
0.891000	-0.041908
0.892000	-0.022008
0.893000	0.000404
0.894000	0.029964
0.895000	0.057366
0.896000	0.076719
0.897000	0.091499
0.898000	0.095974
0.899000	0.088955
0.900000	0.070794
0.901000	0.049509
0.902000	0.022332
0.903000	-0.007485
0.904000	-0.029285
0.905000	-0.045900
0.906000	-0.053081
0.907000	-0.050409
0.908000	-0.034469
0.909000	-0.013732
0.910000	0.010386
0.911000	0.040042
0.912000	0.064772
0.913000	0.084157
0.914000	0.094525
0.915000	0.095685
0.916000	0.084962
0.917000	0.064643
0.918000	0.042039
0.919000	0.012704
0.920000	-0.015085
0.921000	-0.033664
0.922000	-0.048090
0.923000	-0.052791
0.924000	-0.045031
0.925000	-0.027611
0.926000	-0.006101
0.927000	0.021076
0.928000	0.050991
0.929000	0.072951
0.930000	0.089567
0.931000	0.097423
0.932000	0.094880
0.933000	0.078747
0.934000	0.057978
0.935000	0.033796
0.936000	0.003720
0.937000	-0.020044
0.938000	-0.039525
0.939000	-0.049700
0.940000	-0.050473
0.941000	-0.039525
0.942000	-0.019432
0.943000	0.003431
0.944000	0.032508
0.945000	0.060039
0.946000	0.079101
0.947000	0.094107
0.948000	0.098711
0.949000	0.091209
0.950000	0.073402
0.951000	0.052343
0.952000	0.025359
0.953000	-0.004265
0.954000	-0.026387
0.955000	-0.043131
0.956000	-0.050312
0.957000	-0.047961
0.958000	-0.031926
0.959000	-0.010931
0.960000	0.013091
0.961000	0.042651
0.962000	0.067026
0.963000	0.086991
0.964000	0.097101
0.965000	0.098035
0.966000	0.087441
0.967000	0.067638
0.968000	0.044905
0.969000	0.015409
0.970000	-0.012380
0.971000	-0.031088
0.972000	-0.045192
0.973000	-0.050280
0.974000	-0.042197
0.975000	-0.024552
0.976000	-0.003364
0.977000	0.023459
0.978000	0.053180
0.979000	0.075366
0.980000	0.091692
0.981000	0.099549
0.982000	0.097391
0.983000	0.081549
0.984000	0.060232
0.985000	0.036082
0.986000	0.006329
0.987000	-0.017242
0.988000	-0.036562
0.989000	-0.047382
0.990000	-0.047382
0.991000	-0.036820
0.992000	-0.016920
0.993000	0.005620
0.994000	0.035212
0.995000	0.062583
0.996000	0.081130
0.997000	0.096039
0.998000	0.101191
0.999000	0.093624
1.000000	0.075334
1.001000	0.054726
1.002000	0.027710
1.003000	-0.001528
1.004000	-0.023811
1.005000	-0.040394
1.006000	-0.047350
1.007000	-0.045289
1.008000	-0.029188
1.009000	-0.008001
1.010000	0.015957
1.011000	0.045452
1.012000	0.069699
1.013000	0.089116
1.014000	0.099871
1.015000	0.100193
1.016000	0.089856
1.017000	0.070214
1.018000	0.047835
1.019000	0.018339
1.020000	-0.009450
1.021000	-0.028448
1.022000	-0.042358
1.023000	-0.047317
1.024000	-0.039718
1.025000	-0.021235
1.026000	-0.000981
1.027000	0.026486
1.028000	0.055563
1.029000	0.077974
1.030000	0.094686
1.031000	0.102157
1.032000	0.100064
1.033000	0.084350
1.034000	0.063291
1.035000	0.038851
1.036000	0.009098
1.037000	-0.014827
1.038000	-0.033407
1.039000	-0.044323
1.040000	-0.044612
1.041000	-0.033697
1.042000	-0.013958
1.043000	0.008293
1.044000	0.037724
1.045000	0.065352
1.046000	0.084447
1.047000	0.099001
1.048000	0.103992
1.049000	0.096973
1.050000	0.078457
1.051000	0.057785
1.052000	0.030414
1.053000	0.001305
1.054000	-0.020591
1.055000	-0.037271
1.056000	-0.044387
1.057000	-0.042069
1.058000	-0.026580
1.059000	-0.005682
1.060000	0.018500
1.061000	0.048028
1.062000	0.072661
1.063000	0.091724
1.064000	0.102704
1.065000	0.103316
1.066000	0.092465
1.067000	0.072500
1.068000	0.050379
1.069000	0.021012
1.070000	-0.006487
1.071000	-0.025292
1.072000	-0.039621
1.073000	-0.044387
1.074000	-0.037271
1.075000	-0.018820
1.076000	0.001821
1.077000	0.029191
1.078000	0.058461
1.079000	0.080357
1.080000	0.097166
1.081000	0.104830
1.082000	0.102350
1.083000	0.086669
1.084000	0.066157
1.085000	0.041878
1.086000	0.011996
1.087000	-0.012412
1.088000	-0.031088
1.089000	-0.041714
1.090000	-0.042648
1.091000	-0.031442
1.092000	-0.011285
1.093000	0.010804
1.094000	0.039881
1.095000	0.067381
1.096000	0.086636
1.097000	0.101062
1.098000	0.105860
1.099000	0.099130
1.100000	0.081162
1.101000	0.060007
1.102000	0.032669
1.103000	0.003334
1.104000	-0.018337
1.105000	-0.035049
1.106000	-0.042391
1.107000	-0.039460
1.108000	-0.024069
1.109000	-0.003557
1.110000	0.020658
1.111000	0.050604
1.112000	0.075141
1.113000	0.093946
1.114000	0.104991
1.115000	0.106182
1.116000	0.095008
1.117000	0.074980
1.118000	0.052987
1.119000	0.023846
1.120000	-0.003686
1.121000	-0.023070
1.122000	-0.037045
1.123000	-0.041586
1.124000	-0.034663
1.125000	-0.016630
1.126000	0.004686
1.127000	0.031670
1.128000	0.060940
1.129000	0.082450
1.130000	0.100000
1.131000	0.107180
1.132000	0.104701
1.133000	0.089985
1.134000	0.068797
1.135000	0.044840
1.136000	0.014411
1.137000	-0.009933
1.138000	-0.028126
1.139000	-0.039074
1.140000	-0.040104
1.141000	-0.028319
1.142000	-0.008612
1.143000	0.013091
1.144000	0.042200
1.145000	0.069957
1.146000	0.089502
1.147000	0.103477
1.148000	0.108887
1.149000	0.102189
1.150000	0.083545
1.151000	0.062261
1.152000	0.035534
1.153000	0.006393
1.154000	-0.014891
1.155000	-0.032441
1.156000	-0.039171
1.157000	-0.036337
1.158000	-0.021911
1.159000	-0.000691
1.160000	0.023652
1.161000	0.053921
1.162000	0.077588
1.163000	0.096522
1.164000	0.108372
1.165000	0.108983
1.166000	0.097778
1.167000	0.077813
1.168000	0.056143
1.169000	0.027098
1.170000	-0.000595
1.171000	-0.020366
1.172000	-0.033697
1.173000	-0.038784
1.174000	-0.031797
1.175000	-0.013314
1.176000	0.007874
1.177000	0.034601
1.178000	0.063516
1.179000	0.085542
1.180000	0.103187
1.181000	0.110110
1.182000	0.107663
1.183000	0.093366
1.184000	0.071889
1.185000	0.047867
1.186000	0.017309
1.187000	-0.006874
1.188000	-0.024648
1.189000	-0.036240
1.190000	-0.036852
1.191000	-0.025163
1.192000	-0.005747
1.193000	0.015796
1.194000	0.045291
1.195000	0.073209
1.196000	0.093173
1.197000	0.106440
1.198000	0.112171
1.199000	0.105602
1.200000	0.086830
1.201000	0.065609
1.202000	0.038690
1.203000	0.009774
1.204000	-0.011478
1.205000	-0.029317
1.206000	-0.036144
1.207000	-0.032859
1.208000	-0.018530
1.209000	0.002658
1.210000	0.027098
1.211000	0.057366
1.212000	0.081388
1.213000	0.099581
1.214000	0.111592
1.215000	0.112268
1.216000	0.100933
1.217000	0.081162
1.218000	0.059846
1.219000	0.030736
1.220000	0.003076
1.221000	-0.017049
1.222000	-0.030412
1.223000	-0.035371
1.224000	-0.028963
1.225000	-0.009900
1.226000	0.011255
1.227000	0.038014
1.228000	0.066704
1.229000	0.088697
1.230000	0.106472
1.231000	0.113395
1.232000	0.110980
1.233000	0.096393
1.234000	0.075527
1.235000	0.051152
1.236000	0.020915
1.237000	-0.003621
1.238000	-0.021364
1.239000	-0.032570
1.240000	-0.033568
1.241000	-0.021750
1.242000	-0.002494
1.243000	0.019177
1.244000	0.048318
1.245000	0.076493
1.246000	0.096425
1.247000	0.109949
1.248000	0.115101
1.249000	0.108951
1.250000	0.090114
1.251000	0.068701
1.252000	0.041652
1.253000	0.012640
1.254000	-0.008419
1.255000	-0.025904
1.256000	-0.033342
1.257000	-0.030058
1.258000	-0.015310
1.259000	0.005395
1.260000	0.030092
1.261000	0.059685
1.262000	0.084221
1.263000	0.102543
1.264000	0.114168
1.265000	0.115198
1.266000	0.103574
1.267000	0.084060
1.268000	0.062132
1.269000	0.033152
1.270000	0.005363
1.271000	-0.014312
1.272000	-0.027804
1.273000	-0.032827
1.274000	-0.026290
1.275000	-0.007679
1.276000	0.013735
1.277000	0.040429
1.278000	0.069602
1.279000	0.091112
1.280000	0.109016
1.281000	0.116228
1.282000	0.113685
1.283000	0.098711
1.284000	0.077878
1.285000	0.053502
1.286000	0.023395
1.287000	-0.001142
1.288000	-0.019110
1.289000	-0.030315
1.290000	-0.031249
1.291000	-0.019239
1.292000	-0.000111
1.293000	0.021817
1.294000	0.050894
1.295000	0.078973
1.296000	0.098583
1.297000	0.112429
1.298000	0.117806
1.299000	0.111141
1.300000	0.092754
1.301000	0.071341
1.302000	0.044518
1.303000	0.015280
1.304000	-0.005811
1.305000	-0.023328
1.306000	-0.030670
1.307000	-0.027997
1.308000	-0.012831
1.309000	0.008100
1.310000	0.032604
1.311000	0.062325
1.312000	0.086508
1.313000	0.105280
1.314000	0.116518
1.315000	0.117227
1.316000	0.106085
1.317000	0.086765
1.318000	0.064547
1.319000	0.035631
1.320000	0.007552
1.321000	-0.011704
1.322000	-0.025550
1.323000	-0.030509
1.324000	-0.023425
1.325000	-0.005650
1.326000	0.015699
1.327000	0.042651
1.328000	0.071856
1.329000	0.093559
1.330000	0.110722
1.331000	0.118418
1.332000	0.116100
1.333000	0.100933
1.334000	0.080196
1.335000	0.055917
1.336000	0.026035
1.337000	0.001724
1.338000	-0.017017
1.339000	-0.027836
1.340000	-0.028577
1.341000	-0.017274
1.342000	0.002626
1.343000	0.024586
1.344000	0.053631
1.345000	0.081098
1.346000	0.100547
1.347000	0.115166
1.348000	0.119899
1.349000	0.113427
1.350000	0.095588
1.351000	0.074207
1.352000	0.047062
1.353000	0.017985
1.354000	-0.003943
1.355000	-0.020559
1.356000	-0.028190
1.357000	-0.025357
1.358000	-0.009965
1.359000	0.010515
1.360000	0.034568
1.361000	0.064611
1.362000	0.089180
1.363000	0.108307
1.364000	0.118869
1.365000	0.120543
1.366000	0.109434
1.367000	0.089148
1.368000	0.067252
1.369000	0.037788
1.370000	0.010772
1.371000	-0.008548
1.372000	-0.023070
1.373000	-0.027514
1.374000	-0.020720
1.375000	-0.002591
1.376000	0.018436
1.377000	0.045999
1.378000	0.074980
1.379000	0.096651
1.380000	0.113813
1.381000	0.122025
1.382000	0.118869
1.383000	0.103992
1.384000	0.083513
1.385000	0.059652
1.386000	0.029706
1.387000	0.004622
1.388000	-0.013925
1.389000	-0.024069
1.390000	-0.025646
1.391000	-0.014344
1.392000	0.006039
1.393000	0.027613
1.394000	0.056754
1.395000	0.083964
1.396000	0.104186
1.397000	0.118708
1.398000	0.123055
1.399000	0.117130
1.400000	0.098744
1.401000	0.077588
1.402000	0.050314
1.403000	0.020722
1.404000	-0.000723
1.405000	-0.017017
1.406000	-0.025067
1.407000	-0.021557
1.408000	-0.006616
1.409000	0.013284
1.410000	0.037402
1.411000	0.067767
1.412000	0.092819
1.413000	0.111205
1.414000	0.122282
1.415000	0.124182
1.416000	0.112815
1.417000	0.092175
1.418000	0.070246
1.419000	0.041298
1.420000	0.014057
1.421000	-0.005103
1.422000	-0.020044
1.423000	-0.023811
1.424000	-0.017693
1.425000	0.000565
1.426000	0.021817
1.427000	0.049348
1.428000	0.078393
1.429000	0.099838
1.430000	0.117194
1.431000	0.125277
1.432000	0.122057
1.433000	0.107051
1.434000	0.086894
1.435000	0.063001
1.436000	0.032991
1.437000	0.007713
1.438000	-0.010899
1.439000	-0.020945
1.440000	-0.022877
1.441000	-0.011221
1.442000	0.009194
1.443000	0.030994
1.444000	0.059717
1.445000	0.086991
1.446000	0.107084
1.447000	0.121703
1.448000	0.126017
1.449000	0.120286
1.450000	0.102286
1.451000	0.081033
1.452000	0.053631
1.453000	0.023717
1.454000	0.002368
1.455000	-0.014054
1.456000	-0.022104
1.457000	-0.018852
1.458000	-0.003557
1.459000	0.016246
1.460000	0.040525
1.461000	0.070504
1.462000	0.095910
1.463000	0.114522
1.464000	0.125084
1.465000	0.127209
1.466000	0.115906
1.467000	0.095427
1.468000	0.073466
1.469000	0.044486
1.470000	0.017180
1.471000	-0.001850
1.472000	-0.016824
1.473000	-0.020784
1.474000	-0.014215
1.475000	0.003270
1.476000	0.024908
1.477000	0.052150
1.478000	0.081677
1.479000	0.103091
1.480000	0.120382
1.481000	0.128271
1.482000	0.125245
1.483000	0.110432
1.484000	0.089856
1.485000	0.066028
1.486000	0.035953
1.487000	0.011223
1.488000	-0.007711
1.489000	-0.017790
1.490000	-0.019528
1.491000	-0.008065
1.492000	0.012060
1.493000	0.034053
1.494000	0.062615
1.495000	0.090017
1.496000	0.110110
1.497000	0.124472
1.498000	0.129076
1.499000	0.123023
1.500000	0.105055
1.501000	0.083513
1.502000	0.056529
1.503000	0.026905
1.504000	0.005588
1.505000	-0.011221
1.506000	-0.019335
1.507000	-0.015986
1.508000	-0.001142
1.509000	0.019402
1.510000	0.043391
1.511000	0.073338
1.512000	0.098293
1.513000	0.117001
1.514000	0.127917
1.515000	0.129688
1.516000	0.118225
1.517000	0.098196
1.518000	0.076622
1.519000	0.047448
1.520000	0.020368
1.521000	0.000565
1.522000	-0.013732
1.523000	-0.018434
1.524000	-0.011736
1.525000	0.006039
1.526000	0.027710
1.527000	0.054597
1.528000	0.083867
1.529000	0.105602
1.530000	0.123087
1.531000	0.130976
1.532000	0.128078
1.533000	0.113234
1.534000	0.092432
1.535000	0.068443
1.536000	0.038336
1.537000	0.014057
1.538000	-0.004748
1.539000	-0.015664
1.540000	-0.016791
1.541000	-0.005586
1.542000	0.014346
1.543000	0.036307
1.544000	0.065159
1.545000	0.093173
1.546000	0.112590
1.547000	0.126951
1.548000	0.132200
1.549000	0.125438
1.550000	0.107599
1.551000	0.086572
1.552000	0.059685
1.553000	0.030414
1.554000	0.008647
1.555000	-0.008451
1.556000	-0.015761
1.557000	-0.013153
1.558000	0.002110
1.559000	0.023298
1.560000	0.046611
1.561000	0.076783
1.562000	0.101416
1.563000	0.120608
1.564000	0.131749
1.565000	0.132973
1.566000	0.122636
1.567000	0.102704
1.568000	0.080615
1.569000	0.051377
1.570000	0.023717
1.571000	0.004397
1.572000	-0.009804
1.573000	-0.014634
1.574000	-0.007485
1.575000	0.010225
1.576000	0.031284
1.577000	0.058203
1.578000	0.087538
1.579000	0.109724
1.580000	0.126468
1.581000	0.134647
1.582000	0.132554
1.583000	0.117001
1.584000	0.096039
1.585000	0.072114
1.586000	0.042554
1.587000	0.018178
1.588000	-0.001239
1.589000	-0.011865
1.590000	-0.012831
1.591000	-0.002301
1.592000	0.017792
1.593000	0.039881
1.594000	0.069152
1.595000	0.096490
1.596000	0.115745
1.597000	0.131041
1.598000	0.135581
1.599000	0.128915
1.600000	0.111398
1.601000	0.090500
1.602000	0.063420
1.603000	0.033892
1.604000	0.011481
1.605000	-0.004813
1.606000	-0.012702
1.607000	-0.010480
1.608000	0.005717
1.609000	0.026100
1.610000	0.049767
1.611000	0.079230
1.612000	0.104314
1.613000	0.124053
1.614000	0.134389
1.615000	0.135839
1.616000	0.125406
1.617000	0.105216
1.618000	0.082740
1.619000	0.053728
1.620000	0.025842
1.621000	0.007327
1.622000	-0.007324
1.623000	-0.011993
1.624000	-0.004974
1.625000	0.012640
1.626000	0.033409
1.627000	0.060554
1.628000	0.090500
1.629000	0.112461
1.630000	0.128980
1.631000	0.137481
1.632000	0.135227
1.633000	0.119513
1.634000	0.098969
1.635000	0.074754
1.636000	0.045484
1.637000	0.021173
1.638000	0.001949
1.639000	-0.008741
1.640000	-0.009514
1.641000	0.000983
1.642000	0.021109
1.643000	0.043681
1.644000	0.072855
1.645000	0.100161
1.646000	0.119545
1.647000	0.134873
1.648000	0.139477
1.649000	0.133037
1.650000	0.115520
1.651000	0.094590
1.652000	0.067799
1.653000	0.038014
1.654000	0.015699
1.655000	-0.000498
1.656000	-0.008194
1.657000	-0.006036
1.658000	0.009871
1.659000	0.030253
1.660000	0.054372
1.661000	0.083932
1.662000	0.108758
1.663000	0.128593
1.664000	0.139059
1.665000	0.140540
1.666000	0.130300
1.667000	0.110368
1.668000	0.087602
1.669000	0.058783
1.670000	0.030640
1.671000	0.012286
1.672000	-0.002623
1.673000	-0.007646
1.674000	-4.709576E-5
1.675000	0.017180
1.676000	0.038110
1.677000	0.065771
1.678000	0.095137
1.679000	0.117227
1.680000	0.134003
1.681000	0.142279
1.682000	0.140347
1.683000	0.124890
1.684000	0.104025
1.685000	0.080132
1.686000	0.050282
1.687000	0.025810
1.688000	0.006296
1.689000	-0.003976
1.690000	-0.005167
1.691000	0.005685
1.692000	0.025778
1.693000	0.048157
1.694000	0.077073
1.695000	0.104314
1.696000	0.123828
1.697000	0.139091
1.698000	0.143953
1.699000	0.137191
1.700000	0.119577
1.701000	0.098293
1.702000	0.071438
1.703000	0.041781
1.704000	0.019788
1.705000	0.003012
1.706000	-0.004781
1.707000	-0.002140
1.708000	0.013284
1.709000	0.033667
1.710000	0.057559
1.711000	0.087602
1.712000	0.112397
1.713000	0.131717
1.714000	0.142472
1.715000	0.144178
1.716000	0.133262
1.717000	0.112944
1.718000	0.091112
1.719000	0.062035
1.720000	0.034440
1.721000	0.015312
1.722000	0.000500
1.723000	-0.004169
1.724000	0.002497
1.725000	0.020304
1.726000	0.041652
1.727000	0.068894
1.728000	0.098035
1.729000	0.120221
1.730000	0.137223
1.731000	0.145209
1.732000	0.142729
1.733000	0.127788
1.734000	0.107116
1.735000	0.083449
1.736000	0.053148
1.737000	0.028611
1.738000	0.009774
1.739000	-0.001078
1.740000	-0.002430
1.741000	0.008808
1.742000	0.028643
1.743000	0.050862
1.744000	0.079552
1.745000	0.107309
1.746000	0.127241
1.747000	0.141635
1.748000	0.146851
1.749000	0.140475
1.750000	0.121960
1.751000	0.101255
1.752000	0.074143
1.753000	0.045001
1.754000	0.023234
1.755000	0.005974
1.756000	-0.001496
1.757000	0.001209
1.758000	0.015860
1.759000	0.036855
1.760000	0.060876
1.761000	0.090661
1.762000	0.115552
1.763000	0.134293
1.764000	0.145821
1.765000	0.146722
1.766000	0.136096
1.767000	0.116261
1.768000	0.094558
1.769000	0.065030
1.770000	0.037434
1.771000	0.018050
1.772000	0.003978
1.773000	-0.001400
1.774000	0.005491
1.775000	0.023974
1.776000	0.044486
1.777000	0.071534
1.778000	0.100547
1.779000	0.123345
1.780000	0.140314
1.781000	0.147785
1.782000	0.145982
1.783000	0.130944
1.784000	0.110014
1.785000	0.085896
1.786000	0.055788
1.787000	0.031670
1.788000	0.012962
1.789000	0.001531
1.790000	0.001177
1.791000	0.011448
1.792000	0.031155
1.793000	0.053406
1.794000	0.082837
1.795000	0.110593
1.796000	0.129559
1.797000	0.144211
1.798000	0.150103
1.799000	0.142858
1.800000	0.124729
1.801000	0.104282
1.802000	0.077266
1.803000	0.048253
1.804000	0.025778
1.805000	0.008293
1.806000	0.001724
1.807000	0.003270
1.808000	0.018694
1.809000	0.039817
1.810000	0.063710
1.811000	0.093527
1.812000	0.117806
1.813000	0.137223
1.814000	0.148686
1.815000	0.149330
1.816000	0.139187
1.817000	0.119545
1.818000	0.097295
1.819000	0.067896
1.820000	0.039656
1.821000	0.020658
1.822000	0.006908
1.823000	0.001177
1.824000	0.008583
1.825000	0.026679
1.826000	0.047094
1.827000	0.073724
1.828000	0.103348
1.829000	0.125856
1.830000	0.143116
1.831000	0.150361
1.832000	0.148976
1.833000	0.133713
1.834000	0.112783
1.835000	0.088246
1.836000	0.058525
1.837000	0.034407
1.838000	0.015699
1.839000	0.004107
1.840000	0.003753
1.841000	0.013992
1.842000	0.033602
1.843000	0.056110
1.844000	0.085542
1.845000	0.113491
1.846000	0.132361
1.847000	0.146948
1.848000	0.152744
1.849000	0.145563
1.850000	0.127821
1.851000	0.106729
1.852000	0.080261
1.853000	0.050797
1.854000	0.028643
1.855000	0.011159
1.856000	0.004461
1.857000	0.006007
1.858000	0.021366
1.859000	0.042747
1.860000	0.066479
1.861000	0.096425
1.862000	0.120350
1.863000	0.140153
1.864000	0.151874
1.865000	0.152518
1.866000	0.142085
1.867000	0.122540
1.868000	0.100418
1.869000	0.071051
1.870000	0.042908
1.871000	0.023459
1.872000	0.009742
1.873000	0.004139
1.874000	0.011448
1.875000	0.029481
1.876000	0.050250
1.877000	0.077073
1.878000	0.106794
1.879000	0.129076
1.880000	0.146432
1.881000	0.154032
1.882000	0.152164
1.883000	0.137191
1.884000	0.115617
1.885000	0.091788
1.886000	0.061713
1.887000	0.037531
1.888000	0.018726
1.889000	0.007037
1.890000	0.006329
1.891000	0.017212
1.892000	0.037016
1.893000	0.059073
1.894000	0.088665
1.895000	0.116357
1.896000	0.135839
1.897000	0.150296
1.898000	0.155674
1.899000	0.148944
1.900000	0.131041
1.901000	0.109885
1.902000	0.083255
1.903000	0.053502
1.904000	0.031316
1.905000	0.014346
1.906000	0.006908
1.907000	0.009291
1.908000	0.024361
1.909000	0.045549
1.910000	0.069184
1.911000	0.099323
1.912000	0.123506
1.913000	0.143148
1.914000	0.154515
1.915000	0.155899
1.916000	0.145305
1.917000	0.125084
1.918000	0.102962
1.919000	0.074046
1.920000	0.046096
1.921000	0.026518
1.922000	0.012350
1.923000	0.007456
1.924000	0.014250
1.925000	0.031928
1.926000	0.053019
1.927000	0.080196
1.928000	0.109434
1.929000	0.132039
1.930000	0.149105
1.931000	0.157187
1.932000	0.154515
1.933000	0.139992
1.934000	0.118644
1.935000	0.095202
1.936000	0.064740
1.937000	0.040203
1.938000	0.021688
1.939000	0.010450
1.940000	0.009001
1.941000	0.020336
1.942000	0.040139
1.943000	0.061971
1.944000	0.090887
1.945000	0.118708
1.946000	0.139059
1.947000	0.153291
1.948000	0.158411
1.949000	0.152261
1.950000	0.133810
1.951000	0.112558
1.952000	0.085799
1.953000	0.056110
1.954000	0.034568
1.955000	0.017470
1.956000	0.009613
1.957000	0.012414
1.958000	0.027162
1.959000	0.047867
1.960000	0.072211
1.961000	0.102189
1.962000	0.127112
1.963000	0.145595
1.964000	0.157445
1.965000	0.158991
1.966000	0.147817
1.967000	0.127821
1.968000	0.106118
1.969000	0.077298
1.970000	0.049252
1.971000	0.029320
1.972000	0.015248
1.973000	0.010450
1.974000	0.016633
1.975000	0.034890
1.976000	0.056368
1.977000	0.083255
1.978000	0.112042
1.979000	0.134615
1.980000	0.152357
1.981000	0.159763
1.982000	0.157477
1.983000	0.142955
1.984000	0.122121
1.985000	0.097810
1.986000	0.067413
1.987000	0.042940
1.988000	0.025069
1.989000	0.013413
1.990000	0.012092
1.991000	0.023588
1.992000	0.042876
1.993000	0.064901
1.994000	0.093463
1.995000	0.122057
1.996000	0.142118
1.997000	0.155803
1.998000	0.161502
1.999000	0.155449
2.000000	0.136837
2.001000	0.115423
2.002000	0.088633
2.003000	0.059266
2.004000	0.038207
2.005000	0.020110
2.006000	0.012897
2.007000	0.015538
2.008000	0.029931
2.009000	0.050894
2.010000	0.075463
2.011000	0.105538
2.012000	0.130300
2.013000	0.148332
2.014000	0.160601
2.015000	0.162050
2.016000	0.150490
2.017000	0.131202
2.018000	0.109370
2.019000	0.080615
2.020000	0.052633
2.021000	0.031992
2.022000	0.018629
2.023000	0.013477
2.024000	0.019466
2.025000	0.038175
2.026000	0.060071
2.027000	0.086250
2.028000	0.115456
2.029000	0.137352
2.030000	0.155642
2.031000	0.162855
2.032000	0.160633
2.033000	0.146175
2.034000	0.125502
2.035000	0.101062
2.036000	0.070762
2.037000	0.045999
2.038000	0.027710
2.039000	0.016568
2.040000	0.014958
2.041000	0.026776
2.042000	0.046193
2.043000	0.067896
2.044000	0.096457
2.045000	0.125019
2.046000	0.145273
2.047000	0.158958
2.048000	0.164529
2.049000	0.158636
2.050000	0.140314
2.051000	0.118579
2.052000	0.091563
2.053000	0.062518
2.054000	0.041234
2.055000	0.023266
2.056000	0.015892
2.057000	0.018661
2.058000	0.033055
2.059000	0.053921
2.060000	0.078200
2.061000	0.108565
2.062000	0.133230
2.063000	0.151552
2.064000	0.163402
2.065000	0.165044
2.066000	0.153549
2.067000	0.134228
2.068000	0.112139
2.069000	0.083577
2.070000	0.055595
2.071000	0.035309
2.072000	0.021559
2.073000	0.016794
2.074000	0.022751
2.075000	0.041330
2.076000	0.062905
2.077000	0.089373
2.078000	0.118547
2.079000	0.140153
2.080000	0.158443
2.081000	0.166042
2.082000	0.163466
2.083000	0.149169
2.084000	0.128626
2.085000	0.104282
2.086000	0.074014
2.087000	0.049155
2.088000	0.030575
2.089000	0.019627
2.090000	0.018243
2.091000	0.029803
2.092000	0.049445
2.093000	0.070794
2.094000	0.099838
2.095000	0.127949
2.096000	0.148010
2.097000	0.162050
2.098000	0.167781
2.099000	0.161599
2.100000	0.143373
2.101000	0.121542
2.102000	0.094719
2.103000	0.065706
2.104000	0.044003
2.105000	0.026550
2.106000	0.019048
2.107000	0.021753
2.108000	0.036372
2.109000	0.057012
2.110000	0.081259
2.111000	0.111431
2.112000	0.136193
2.113000	0.154966
2.114000	0.166558
2.115000	0.167942
2.116000	0.157252
2.117000	0.137288
2.118000	0.115391
2.119000	0.086540
2.120000	0.058397
2.121000	0.038593
2.122000	0.024747
2.123000	0.019499
2.124000	0.025778
2.125000	0.044486
2.126000	0.065416
2.127000	0.092432
2.128000	0.121381
2.129000	0.143824
2.130000	0.161341
2.131000	0.169166
2.132000	0.166847
2.133000	0.152164
2.134000	0.131330
2.135000	0.107084
2.136000	0.077234
2.137000	0.052375
2.138000	0.033731
2.139000	0.022622
2.140000	0.021431
2.141000	0.032572
2.142000	0.052053
2.143000	0.074046
2.144000	0.103509
2.145000	0.131105
2.146000	0.150876
2.147000	0.165431
2.148000	0.170776
2.149000	0.164658
2.150000	0.146432
2.151000	0.125148
2.152000	0.098196
2.153000	0.068862
2.154000	0.046579
2.155000	0.029931
2.156000	0.022010
2.157000	0.024522
2.158000	0.039849
2.159000	0.059910
2.160000	0.084382
2.161000	0.114007
2.162000	0.139187
2.163000	0.158443
2.164000	0.169456
2.165000	0.171034
2.166000	0.160568
2.167000	0.140250
2.168000	0.118128
2.169000	0.089180
2.170000	0.061359
2.171000	0.042200
2.172000	0.027291
2.173000	0.022558
2.174000	0.029159
2.175000	0.046901
2.176000	0.068025
2.177000	0.095652
2.178000	0.124536
2.179000	0.146593
2.180000	0.164078
2.181000	0.172225
2.182000	0.169681
2.183000	0.154515
2.184000	0.134164
2.185000	0.110207
2.186000	0.080261
2.187000	0.055241
2.188000	0.036275
2.189000	0.025681
2.190000	0.023846
2.191000	0.035116
2.192000	0.054790
2.193000	0.076912
2.194000	0.105602
2.195000	0.133166
2.196000	0.153420
2.197000	0.168425
2.198000	0.172966
2.199000	0.167298
2.200000	0.149137
2.201000	0.127982
2.202000	0.100547
2.203000	0.070697
2.204000	0.049091
2.205000	0.032508
2.206000	0.024393
2.207000	0.027001
2.208000	0.042168
2.209000	0.062196
2.210000	0.086282
2.211000	0.116293
2.212000	0.141828
2.213000	0.160665
2.214000	0.171549
2.215000	0.173610
2.216000	0.162790
2.217000	0.141957
2.218000	0.120060
2.219000	0.091402
2.220000	0.064096
2.221000	0.044615
2.222000	0.029126
2.223000	0.025134
2.224000	0.031252
2.225000	0.048447
2.226000	0.070536
2.227000	0.097874
2.228000	0.127241
2.229000	0.148783
2.230000	0.166010
2.231000	0.174576
2.232000	0.171517
2.233000	0.156576
2.234000	0.136354
2.235000	0.112686
2.236000	0.082289
2.237000	0.057624
2.238000	0.038336
2.239000	0.027935
2.240000	0.025713
2.241000	0.036919
2.242000	0.057495
2.243000	0.079134
2.244000	0.107695
2.245000	0.135259
2.246000	0.155577
2.247000	0.170293
2.248000	0.174898
2.249000	0.169166
2.250000	0.151488
2.251000	0.130042
2.252000	0.102801
2.253000	0.073112
2.254000	0.051280
2.255000	0.034923
2.256000	0.026389
2.257000	0.029416
2.258000	0.044389
2.259000	0.064837
2.260000	0.088246
2.261000	0.118837
2.262000	0.143985
2.263000	0.162887
2.264000	0.173610
2.265000	0.175799
2.266000	0.164915
2.267000	0.144404
2.268000	0.122669
2.269000	0.093431
2.270000	0.066479
2.271000	0.046804
2.272000	0.031541
2.273000	0.027323
2.274000	0.033635
2.275000	0.051152
2.276000	0.072822
2.277000	0.099806
2.278000	0.129624
2.279000	0.151327
2.280000	0.168296
2.281000	0.176991
2.282000	0.173932
2.283000	0.158991
2.284000	0.138608
2.285000	0.114940
2.286000	0.084672
2.287000	0.059781
2.288000	0.040590
2.289000	0.030221
2.290000	0.028257
2.291000	0.039366
2.292000	0.060039
2.293000	0.081355
2.294000	0.110207
2.295000	0.137577
2.296000	0.157799
2.297000	0.172805
2.298000	0.177345
2.299000	0.171484
2.300000	0.153806
2.301000	0.132490
2.302000	0.105280
2.303000	0.075656
2.304000	0.053406
2.305000	0.036983
2.306000	0.028901
2.307000	0.031767
2.308000	0.046611
2.309000	0.067348
2.310000	0.090533
2.311000	0.121381
2.312000	0.146336
2.313000	0.164948
2.314000	0.176443
2.315000	0.178311
2.316000	0.167395
2.317000	0.147076
2.318000	0.125084
2.319000	0.096039
2.320000	0.068669
2.321000	0.049026
2.322000	0.034375
2.323000	0.029931
2.324000	0.036146
2.325000	0.054114
2.326000	0.075270
2.327000	0.102254
2.328000	0.131652
2.329000	0.153613
2.330000	0.171291
2.331000	0.179148
2.332000	0.176540
2.333000	0.162082
2.334000	0.141216
2.335000	0.117291
2.336000	0.087216
2.337000	0.062132
2.338000	0.043617
2.339000	0.032669
2.340000	0.030930
2.341000	0.042200
2.342000	0.062228
2.343000	0.083771
2.344000	0.112880
2.345000	0.140765
2.346000	0.160568
2.347000	0.175123
2.348000	0.180243
2.349000	0.174060
2.350000	0.156157
2.351000	0.134679
2.352000	0.108050
2.353000	0.078715
2.354000	0.056304
2.355000	0.039302
2.356000	0.031767
2.357000	0.033989
2.358000	0.049155
2.359000	0.069570
2.360000	0.094010
2.361000	0.123892
2.362000	0.148525
2.363000	0.167781
2.364000	0.179116
2.365000	0.180468
2.366000	0.170003
2.367000	0.150200
2.368000	0.127756
2.369000	0.099033
2.370000	0.070697
2.371000	0.051474
2.372000	0.037177
2.373000	0.032024
2.374000	0.038851
2.375000	0.056626
2.376000	0.077685
2.377000	0.104604
2.378000	0.134067
2.379000	0.156125
2.380000	0.173674
2.381000	0.181499
2.382000	0.179695
2.383000	0.164400
2.384000	0.143502
2.385000	0.119384
2.386000	0.089728
2.387000	0.065062
2.388000	0.045935
2.389000	0.034729
2.390000	0.033699
2.391000	0.044486
2.392000	0.063903
2.393000	0.086572
2.394000	0.115617
2.395000	0.143212
2.396000	0.162758
2.397000	0.177570
2.398000	0.182819
2.399000	0.176121
2.400000	0.158475
2.401000	0.137159
2.402000	0.110529
2.403000	0.080744
2.404000	0.058558
2.405000	0.041685
2.406000	0.033957
2.407000	0.035953
2.408000	0.051506
2.409000	0.072146
2.410000	0.095974
2.411000	0.125373
2.412000	0.150168
2.413000	0.170325
2.414000	0.181016
2.415000	0.182336
2.416000	0.172386
2.417000	0.152325
2.418000	0.129463
2.419000	0.100611
2.420000	0.072500
2.421000	0.053567
2.422000	0.038915
2.423000	0.033763
2.424000	0.041073
2.425000	0.058203
2.426000	0.079262
2.427000	0.106440
2.428000	0.136000
2.429000	0.158379
2.430000	0.175220
2.431000	0.183495
2.432000	0.181466
2.433000	0.165881
2.434000	0.144726
2.435000	0.121252
2.436000	0.091209
2.437000	0.067316
2.438000	0.047738
2.439000	0.036661
2.440000	0.035760
2.441000	0.046096
2.442000	0.065545
2.443000	0.088665
2.444000	0.117388
2.445000	0.145112
2.446000	0.164754
2.447000	0.179631
2.448000	0.184976
2.449000	0.177860
2.450000	0.160214
2.451000	0.139284
2.452000	0.112654
2.453000	0.082933
2.454000	0.060618
2.455000	0.043778
2.456000	0.036211
2.457000	0.037917
2.458000	0.053245
2.459000	0.074593
2.460000	0.098196
2.461000	0.127756
2.462000	0.152325
2.463000	0.172225
2.464000	0.183302
2.465000	0.184397
2.466000	0.174318
2.467000	0.154386
2.468000	0.132361
2.469000	0.102833
2.470000	0.074851
2.471000	0.055660
2.472000	0.041395
2.473000	0.035663
2.474000	0.042908
2.475000	0.060618
2.476000	0.081420
2.477000	0.108597
2.478000	0.138125
2.479000	0.161051
2.480000	0.177506
2.481000	0.185556
2.482000	0.183946
2.483000	0.168554
2.484000	0.147559
2.485000	0.123538
2.486000	0.093688
2.487000	0.069474
2.488000	0.050153
2.489000	0.038787
2.490000	0.038336
2.491000	0.048479
2.492000	0.068443
2.493000	0.090758
2.494000	0.120028
2.495000	0.147817
2.496000	0.167105
2.497000	0.182239
2.498000	0.187327
2.499000	0.180887
2.500000	0.162919
2.501000	0.142118
2.502000	0.115069
2.503000	0.085606
2.504000	0.062905
2.505000	0.046096
2.506000	0.038722
2.507000	0.040847
2.508000	0.056207
2.509000	0.077137
2.510000	0.100676
2.511000	0.130236
2.512000	0.155513
2.513000	0.174640
2.514000	0.185878
2.515000	0.187424
2.516000	0.177023
2.517000	0.157026
2.518000	0.134744
2.519000	0.105474
2.520000	0.077846
2.521000	0.058397
2.522000	0.043874
2.523000	0.038948
2.524000	0.045291
2.525000	0.063420
2.526000	0.084318
2.527000	0.111431
2.528000	0.140830
2.529000	0.163080
2.530000	0.180114
2.531000	0.188293
2.532000	0.186168
2.533000	0.171034
2.534000	0.150715
2.535000	0.126339
2.536000	0.096715
2.537000	0.071567
2.538000	0.052762
2.539000	0.041974
2.540000	0.040525
2.541000	0.051409
2.542000	0.071373
2.543000	0.093463
2.544000	0.122443
2.545000	0.150232
2.546000	0.169874
2.547000	0.184686
2.548000	0.189806
2.549000	0.184042
2.550000	0.165495
2.551000	0.144565
2.552000	0.117259
2.553000	0.088021
2.554000	0.065932
2.555000	0.048801
2.556000	0.041363
2.557000	0.043520
2.558000	0.058719
2.559000	0.079134
2.560000	0.103413
2.561000	0.133552
2.562000	0.158153
2.563000	0.177055
2.564000	0.188647
2.565000	0.190032
2.566000	0.179180
2.567000	0.159570
2.568000	0.137223
2.569000	0.108597
2.570000	0.080550
2.571000	0.060812
2.572000	0.046611
2.573000	0.041524
2.574000	0.047738
2.575000	0.066125
2.576000	0.087313
2.577000	0.114103
2.578000	0.143277
2.579000	0.165398
2.580000	0.183173
2.581000	0.190515
2.582000	0.188744
2.583000	0.174254
2.584000	0.153420
2.585000	0.129173
2.586000	0.098840
2.587000	0.074110
2.588000	0.055756
2.589000	0.044196
2.590000	0.043037
2.591000	0.054307
2.592000	0.073885
2.593000	0.095620
2.594000	0.124665
2.595000	0.152712
2.596000	0.172644
2.597000	0.186747
2.598000	0.192415
2.599000	0.186393
2.600000	0.167974
2.601000	0.146465
2.602000	0.119932
2.603000	0.090694
2.604000	0.068926
2.605000	0.051119
2.606000	0.044132
2.607000	0.046225
2.608000	0.060876
2.609000	0.081871
2.610000	0.106085
2.611000	0.136289
2.612000	0.160311
2.613000	0.179309
2.614000	0.191288
2.615000	0.192286
2.616000	0.181466
2.617000	0.161760
2.618000	0.140121
2.619000	0.111527
2.620000	0.082869
2.621000	0.062711
2.622000	0.049477
2.623000	0.043971
2.624000	0.050508
2.625000	0.068862
2.626000	0.090017
2.627000	0.116357
2.628000	0.145434
2.629000	0.167813
2.630000	0.185846
2.631000	0.192930
2.632000	0.191288
2.633000	0.176958
2.634000	0.155706
2.635000	0.131685
2.636000	0.101127
2.637000	0.076429
2.638000	0.058429
2.639000	0.046708
2.640000	0.045452
2.641000	0.057012
2.642000	0.076042
2.643000	0.097874
2.644000	0.126694
2.645000	0.155094
2.646000	0.175348
2.647000	0.189162
2.648000	0.195023
2.649000	0.188840
2.650000	0.170100
2.651000	0.148525
2.652000	0.122025
2.653000	0.092754
2.654000	0.071309
2.655000	0.053567
2.656000	0.046128
2.657000	0.048608
2.658000	0.062808
2.659000	0.084060
2.660000	0.108307
2.661000	0.138382
2.662000	0.162919
2.663000	0.181531
2.664000	0.193767
2.665000	0.194830
2.666000	0.183753
2.667000	0.163917
2.668000	0.142504
2.669000	0.113588
2.670000	0.085445
2.671000	0.065255
2.672000	0.051667
2.673000	0.046515
2.674000	0.052601
2.675000	0.071116
2.676000	0.092497
2.677000	0.119094
2.678000	0.147946
2.679000	0.170583
2.680000	0.188261
2.681000	0.195763
2.682000	0.193670
2.683000	0.179277
2.684000	0.158153
2.685000	0.134196
2.686000	0.103928
2.687000	0.079262
2.688000	0.060940
2.689000	0.049284
2.690000	0.048092
2.691000	0.059073
2.692000	0.078457
2.693000	0.100611
2.694000	0.129624
2.695000	0.157928
2.696000	0.177892
2.697000	0.191706
2.698000	0.197470
2.699000	0.191159
2.700000	0.172805
2.701000	0.151778
2.702000	0.124955
2.703000	0.095685
2.704000	0.073788
2.705000	0.056207
2.706000	0.048898
2.707000	0.051055
2.708000	0.065771
2.709000	0.087023
2.710000	0.110948
2.711000	0.140701
2.712000	0.165463
2.713000	0.184364
2.714000	0.196085
2.715000	0.197373
2.716000	0.186908
2.717000	0.167202
2.718000	0.145209
2.719000	0.116067
2.720000	0.087924
2.721000	0.068314
2.722000	0.054372
2.723000	0.048962
2.724000	0.055692
2.725000	0.073660
2.726000	0.094944
2.727000	0.121542
2.728000	0.151230
2.729000	0.173223
2.730000	0.190644
2.731000	0.198661
2.732000	0.196472
2.733000	0.181370
2.734000	0.160826
2.735000	0.136644
2.736000	0.106826
2.737000	0.082032
2.738000	0.063130
2.739000	0.052150
2.740000	0.050862
2.741000	0.061456
2.742000	0.081291
2.743000	0.103574
2.744000	0.132200
2.745000	0.160375
2.746000	0.179985
2.747000	0.194765
2.748000	0.199853
2.749000	0.193670
2.750000	0.176057
2.751000	0.154515
2.752000	0.127241
2.753000	0.097649
2.754000	0.076171
2.755000	0.058880
2.756000	0.050894
2.757000	0.053599
2.758000	0.068765
2.759000	0.089019
2.760000	0.113137
2.761000	0.142923
2.762000	0.168135
2.763000	0.186973
2.764000	0.198017
2.765000	0.200143
2.766000	0.189098
2.767000	0.169424
2.768000	0.146948
2.769000	0.118418
2.770000	0.090597
2.771000	0.070955
2.772000	0.056304
2.773000	0.051635
2.774000	0.057720
2.775000	0.075495
2.776000	0.097391
2.777000	0.124214
2.778000	0.153613
2.779000	0.175091
2.780000	0.192833
2.781000	0.201334
2.782000	0.198307
2.783000	0.183624
2.784000	0.163402
2.785000	0.139252
2.786000	0.109273
2.787000	0.084028
2.788000	0.065126
2.789000	0.054822
2.790000	0.052633
2.791000	0.064064
2.792000	0.084189
2.793000	0.105602
2.794000	0.134389
2.795000	0.162275
2.796000	0.182754
2.797000	0.197116
2.798000	0.202042
2.799000	0.196762
2.800000	0.178536
2.801000	0.156511
2.802000	0.129559
2.803000	0.100096
2.804000	0.078747
2.805000	0.061778
2.806000	0.053148
2.807000	0.056465
2.808000	0.071051
2.809000	0.091273
2.810000	0.115262
2.811000	0.145756
2.812000	0.170840
2.813000	0.189323
2.814000	0.200658
2.815000	0.202783
2.816000	0.191449
2.817000	0.171259
2.818000	0.149330
2.819000	0.120962
2.820000	0.093431
2.821000	0.073273
2.822000	0.058364
2.823000	0.054372
2.824000	0.060103
2.825000	0.077974
2.826000	0.099710
2.827000	0.126951
2.828000	0.156125
2.829000	0.177280
2.830000	0.195345
2.831000	0.203814
2.832000	0.200593
2.833000	0.186232
2.834000	0.165624
2.835000	0.141892
2.836000	0.111881
2.837000	0.086379
2.838000	0.067542
2.839000	0.057012
2.840000	0.054951
2.841000	0.066608
2.842000	0.086604
2.843000	0.108211
2.844000	0.136772
2.845000	0.164497
2.846000	0.185298
2.847000	0.199660
2.848000	0.204168
2.849000	0.198790
2.850000	0.180887
2.851000	0.159119
2.852000	0.131974
2.853000	0.102286
2.854000	0.080647
2.855000	0.063903
2.856000	0.055273
2.857000	0.058719
2.858000	0.073209
2.859000	0.093592
2.860000	0.117645
2.861000	0.147914
2.862000	0.173159
2.863000	0.191674
2.864000	0.202944
2.865000	0.204973
2.866000	0.193864
2.867000	0.173674
2.868000	0.151681
2.869000	0.123152
2.870000	0.095330
2.871000	0.075495
2.872000	0.060618
2.873000	0.056593
2.874000	0.062486
2.875000	0.080389
2.876000	0.101771
2.877000	0.128948
2.878000	0.157928
2.879000	0.179824
2.880000	0.197534
2.881000	0.205617
2.882000	0.203073
2.883000	0.188357
2.884000	0.167813
2.885000	0.143824
2.886000	0.113491
2.887000	0.088407
2.888000	0.069828
2.889000	0.058847
2.890000	0.057141
2.891000	0.068669
2.892000	0.088246
2.893000	0.110046
2.894000	0.138672
2.895000	0.166944
2.896000	0.187037
2.897000	0.201398
2.898000	0.206615
2.899000	0.200658
2.900000	0.182239
2.901000	0.161116
2.902000	0.133939
2.903000	0.104701
2.904000	0.082869
2.905000	0.065706
2.906000	0.058010
2.907000	0.060361
2.908000	0.075270
2.909000	0.095620
2.910000	0.119996
2.911000	0.149910
2.912000	0.174962
2.913000	0.193413
2.914000	0.205102
2.915000	0.206679
2.916000	0.195892
2.917000	0.175928
2.918000	0.153967
2.919000	0.124729
2.920000	0.096812
2.921000	0.077620
2.922000	0.062937
2.923000	0.057817
2.924000	0.064515
2.925000	0.082450
2.926000	0.103413
2.927000	0.130622
2.928000	0.160150
2.929000	0.182271
2.930000	0.199370
2.931000	0.207098
2.932000	0.205327
2.933000	0.190096
2.934000	0.169552
2.935000	0.145434
2.936000	0.115391
2.937000	0.090726
2.938000	0.071760
2.939000	0.060522
2.940000	0.059427
2.941000	0.070118
2.942000	0.090082
2.943000	0.112461
2.944000	0.141409
2.945000	0.169166
2.946000	0.188357
2.947000	0.203588
2.948000	0.208611
2.949000	0.202203
2.950000	0.184525
2.951000	0.163595
2.952000	0.136450
2.953000	0.106568
2.954000	0.084447
2.955000	0.067767
2.956000	0.060007
2.957000	0.062067
2.958000	0.077588
2.959000	0.098132
2.960000	0.121767
2.961000	0.151423
2.962000	0.176733
2.963000	0.196118
2.964000	0.206840
2.965000	0.208869
2.966000	0.198436
2.967000	0.178085
2.968000	0.155577
2.969000	0.126533
2.970000	0.098969
2.971000	0.080035
2.972000	0.064869
2.973000	0.059974
2.974000	0.066769
2.975000	0.084125
2.976000	0.105313
2.977000	0.132393
2.978000	0.162436
2.979000	0.184332
2.980000	0.201109
2.981000	0.209642
2.982000	0.207452
2.983000	0.191996
2.984000	0.171195
2.985000	0.147495
2.986000	0.117645
2.987000	0.092948
2.988000	0.073305
2.989000	0.062937
2.990000	0.061166
2.991000	0.071663
2.992000	0.092304
2.993000	0.114457
2.994000	0.143502
2.995000	0.170518
2.996000	0.190289
2.997000	0.205907
2.998000	0.210511
2.999000	0.203846
3.000000	0.186554
3.001000	0.165720
3.002000	0.138479
3.003000	0.108855
3.004000	0.086089
3.005000	0.069635
3.006000	0.061971
3.007000	0.064193
3.008000	0.079488
3.009000	0.100128
3.010000	0.123313
3.011000	0.153484
3.012000	0.178568
3.013000	0.198339
3.014000	0.208933
3.015000	0.210801
3.016000	0.200593
3.017000	0.179889
3.018000	0.157799
3.019000	0.128465
3.020000	0.100740
3.021000	0.081903
3.022000	0.066898
3.023000	0.061939
3.024000	0.068572
3.025000	0.086153
3.026000	0.107084
3.027000	0.134228
3.028000	0.164046
3.029000	0.186619
3.030000	0.203363
3.031000	0.211799
3.032000	0.209416
3.033000	0.194186
3.034000	0.173191
3.035000	0.149717
3.036000	0.119771
3.037000	0.095073
3.038000	0.075431
3.039000	0.064740
3.040000	0.063194
3.041000	0.073660
3.042000	0.094171
3.043000	0.116325
3.044000	0.145338
3.045000	0.172676
3.046000	0.192479
3.047000	0.207678
3.048000	0.212443
3.049000	0.206229
3.050000	0.188551
3.051000	0.167717
3.052000	0.140701
3.053000	0.110819
3.054000	0.088182
3.055000	0.071470
3.056000	0.063420
3.057000	0.066125
3.058000	0.081323
3.059000	0.101964
3.060000	0.125728
3.061000	0.155803
3.062000	0.180983
3.063000	0.200271
3.064000	0.211509
3.065000	0.213313
3.066000	0.202848
3.067000	0.182593
3.068000	0.160279
3.069000	0.131234
3.070000	0.103220
3.071000	0.083642
3.072000	0.068797
3.073000	0.064225
3.074000	0.070536
3.075000	0.088536
3.076000	0.109627
3.077000	0.136772
3.078000	0.166332
3.079000	0.188776
3.080000	0.206454
3.081000	0.214536
3.082000	0.211992
3.083000	0.197406
3.084000	0.176540
3.085000	0.152486
3.086000	0.122347
3.087000	0.097262
3.088000	0.078232
3.089000	0.067091
3.090000	0.065706
3.091000	0.076622
3.092000	0.096651
3.093000	0.118740
3.094000	0.147785
3.095000	0.176121
3.096000	0.196021
3.097000	0.210833
3.098000	0.216307
3.099000	0.210189
3.100000	0.191996
3.101000	0.170679
3.102000	0.143663
3.103000	0.113846
3.104000	0.092046
3.105000	0.074336
3.106000	0.066511
3.107000	0.069087
3.108000	0.084157
3.109000	0.104926
3.110000	0.129237
3.111000	0.159474
3.112000	0.184525
3.113000	0.203878
3.114000	0.215953
3.115000	0.217144
3.116000	0.206551
3.117000	0.187005
3.118000	0.164787
3.119000	0.135549
3.120000	0.106923
3.121000	0.087377
3.122000	0.073338
3.123000	0.067542
3.124000	0.074465
3.125000	0.092561
3.126000	0.114007
3.127000	0.140862
3.128000	0.170873
3.129000	0.193477
3.130000	0.211284
3.131000	0.219077
3.132000	0.217563
3.133000	0.202429
3.134000	0.181338
3.135000	0.156833
3.136000	0.126726
3.137000	0.102060
3.138000	0.082998
3.139000	0.071051
3.140000	0.070375
3.141000	0.081001
3.142000	0.100354
3.143000	0.123152
3.144000	0.152454
3.145000	0.181209
3.146000	0.200754
3.147000	0.215373
3.148000	0.221298
3.149000	0.214472
3.150000	0.196504
3.151000	0.175091
3.152000	0.148364
3.153000	0.118579
3.154000	0.096296
3.155000	0.078264
3.156000	0.070923
3.157000	0.072533
3.158000	0.087828
3.159000	0.109338
3.160000	0.133520
3.161000	0.163563
3.162000	0.188003
3.163000	0.208000
3.164000	0.220043
3.165000	0.220783
3.166000	0.210608
3.167000	0.191030
3.168000	0.168779
3.169000	0.139284
3.170000	0.110497
3.171000	0.090758
3.172000	0.076815
3.173000	0.070633
3.174000	0.077910
3.175000	0.095813
3.176000	0.117130
3.177000	0.143792
3.178000	0.173610
3.179000	0.196504
3.180000	0.214150
3.181000	0.221717
3.182000	0.220332
3.183000	0.205327
3.184000	0.183817
3.185000	0.159409
3.186000	0.129109
3.187000	0.104669
3.188000	0.085703
3.189000	0.073466
3.190000	0.072887
3.191000	0.083738
3.192000	0.102865
3.193000	0.125148
3.194000	0.154579
3.195000	0.183205
3.196000	0.202912
3.197000	0.217370
3.198000	0.223456
3.199000	0.216565
3.200000	0.198275
3.201000	0.176991
3.202000	0.150329
3.203000	0.120930
3.204000	0.098389
3.205000	0.080486
3.206000	0.073370
3.207000	0.075141
3.208000	0.089985
3.209000	0.111624
3.210000	0.135452
3.211000	0.165398
3.212000	0.189903
3.213000	0.209416
3.214000	0.221685
3.215000	0.222522
3.216000	0.212089
3.217000	0.192543
3.218000	0.170518
3.219000	0.141313
3.220000	0.112654
3.221000	0.092883
3.222000	0.078876
3.223000	0.072983
3.224000	0.079842
3.225000	0.098261
3.226000	0.119223
3.227000	0.145949
3.228000	0.175316
3.229000	0.198468
3.230000	0.216050
3.231000	0.223713
3.232000	0.222136
3.233000	0.207162
3.234000	0.185846
3.235000	0.161599
3.236000	0.131330
3.237000	0.106633
3.238000	0.088021
3.239000	0.075978
3.240000	0.074980
3.241000	0.085864
3.242000	0.105152
3.243000	0.127209
3.244000	0.156801
3.245000	0.185202
3.246000	0.204554
3.247000	0.219527
3.248000	0.225259
3.249000	0.218497
3.250000	0.200207
3.251000	0.179309
3.252000	0.152325
3.253000	0.122830
3.254000	0.100450
3.255000	0.082708
3.256000	0.075237
3.257000	0.077105
3.258000	0.092207
3.259000	0.113330
3.260000	0.137481
3.261000	0.167363
3.262000	0.192318
3.263000	0.211381
3.264000	0.223134
3.265000	0.224357
3.266000	0.213924
3.267000	0.193992
3.268000	0.171806
3.269000	0.142536
3.270000	0.114103
3.271000	0.094590
3.272000	0.080067
3.273000	0.074787
3.274000	0.081420
3.275000	0.099581
3.276000	0.120350
3.277000	0.147624
3.278000	0.177280
3.279000	0.199788
3.280000	0.217144
3.281000	0.225034
3.282000	0.223134
3.283000	0.207839
3.284000	0.187359
3.285000	0.162919
3.286000	0.133134
3.287000	0.107728
3.288000	0.088826
3.289000	0.078007
3.290000	0.076493
3.291000	0.087377
3.292000	0.107019
3.293000	0.129398
3.294000	0.158379
3.295000	0.186490
3.296000	0.206293
3.297000	0.221073
3.298000	0.226386
3.299000	0.220365
3.300000	0.202268
3.301000	0.180983
3.302000	0.153678
3.303000	0.123892
3.304000	0.102189
3.305000	0.084962
3.306000	0.077041
3.307000	0.079488
3.308000	0.094558
3.309000	0.114844
3.310000	0.139123
3.311000	0.169327
3.312000	0.194572
3.313000	0.213313
3.314000	0.224712
3.315000	0.226611
3.316000	0.215470
3.317000	0.195796
3.318000	0.173384
3.319000	0.144436
3.320000	0.116550
3.321000	0.096812
3.322000	0.082257
3.323000	0.077202
3.324000	0.083481
3.325000	0.101449
3.326000	0.122991
3.327000	0.149974
3.328000	0.179245
3.329000	0.201044
3.330000	0.219205
3.331000	0.227159
3.332000	0.224583
3.333000	0.210189
3.334000	0.189742
3.335000	0.165398
3.336000	0.134937
3.337000	0.109853
3.338000	0.091241
3.339000	0.080100
3.340000	0.078490
3.341000	0.090082
3.342000	0.109724
3.343000	0.131427
3.344000	0.160536
3.345000	0.188808
3.346000	0.208772
3.347000	0.223134
3.348000	0.228865
3.349000	0.223037
3.350000	0.204232
3.351000	0.182915
3.352000	0.155835
3.353000	0.126597
3.354000	0.105152
3.355000	0.087184
3.356000	0.079488
3.357000	0.082160
3.358000	0.096490
3.359000	0.117162
3.360000	0.141763
3.361000	0.172193
3.362000	0.196923
3.363000	0.215599
3.364000	0.227642
3.365000	0.229123
3.366000	0.217724
3.367000	0.197985
3.368000	0.176282
3.369000	0.147431
3.370000	0.119449
3.371000	0.099001
3.372000	0.084994
3.373000	0.079906
3.374000	0.085831
3.375000	0.104443
3.376000	0.125889
3.377000	0.152840
3.378000	0.181821
3.379000	0.203846
3.380000	0.222329
3.381000	0.229574
3.382000	0.227513
3.383000	0.213184
3.384000	0.192447
3.385000	0.168393
3.386000	0.137803
3.387000	0.112525
3.388000	0.094364
3.389000	0.082772
3.390000	0.081130
3.391000	0.092883
3.392000	0.112654
3.393000	0.133778
3.394000	0.163177
3.395000	0.191288
3.396000	0.211992
3.397000	0.225839
3.398000	0.231345
3.399000	0.225774
3.400000	0.207195
3.401000	0.185524
3.402000	0.158250
3.403000	0.128915
3.404000	0.107599
3.405000	0.089985
3.406000	0.081999
3.407000	0.085187
3.408000	0.099420
3.409000	0.120028
3.410000	0.144307
3.411000	0.174833
3.412000	0.199692
3.413000	0.218078
3.414000	0.230153
3.415000	0.231731
3.416000	0.220590
3.417000	0.200561
3.418000	0.179051
3.419000	0.149974
3.420000	0.122153
3.421000	0.101577
3.422000	0.087667
3.423000	0.082837
3.424000	0.088762
3.425000	0.107309
3.426000	0.128368
3.427000	0.155513
3.428000	0.184429
3.429000	0.206679
3.430000	0.224615
3.431000	0.232472
3.432000	0.229960
3.433000	0.215728
3.434000	0.195152
3.435000	0.170905
3.436000	0.140282
3.437000	0.115359
3.438000	0.097101
3.439000	0.085445
3.440000	0.084189
3.441000	0.095524
3.442000	0.115391
3.443000	0.136676
3.444000	0.165817
3.445000	0.194057
3.446000	0.214472
3.447000	0.228608
3.448000	0.234243
3.449000	0.228350
3.450000	0.209835
3.451000	0.188615
3.452000	0.161567
3.453000	0.132168
3.454000	0.110207
3.455000	0.092883
3.456000	0.085316
3.457000	0.087924
3.458000	0.102543
3.459000	0.123152
3.460000	0.147463
3.461000	0.177667
3.462000	0.202429
3.463000	0.221363
3.464000	0.233406
3.465000	0.234597
3.466000	0.223971
3.467000	0.203975
3.468000	0.182110
3.469000	0.153001
3.470000	0.124890
3.471000	0.105216
3.472000	0.090855
3.473000	0.085638
3.474000	0.092078
3.475000	0.110175
3.476000	0.131041
3.477000	0.158218
3.478000	0.187359
3.479000	0.209867
3.480000	0.227223
3.481000	0.234822
3.482000	0.232890
3.483000	0.217788
3.484000	0.197116
3.485000	0.173191
3.486000	0.143116
3.487000	0.118450
3.488000	0.099484
3.489000	0.087828
3.490000	0.086636
3.491000	0.097391
3.492000	0.117162
3.493000	0.139316
3.494000	0.168296
3.495000	0.196214
3.496000	0.215889
3.497000	0.230894
3.498000	0.235660
3.499000	0.229606
3.500000	0.211831
3.501000	0.190708
3.502000	0.163885
3.503000	0.133681
3.504000	0.111946
3.505000	0.094719
3.506000	0.086733
3.507000	0.089406
3.508000	0.104636
3.509000	0.124858
3.510000	0.148847
3.511000	0.178858
3.512000	0.203942
3.513000	0.222973
3.514000	0.234082
3.515000	0.236272
3.516000	0.225517
3.517000	0.205198
3.518000	0.183237
3.519000	0.154096
3.520000	0.126565
3.521000	0.106987
3.522000	0.091853
3.523000	0.087377
3.524000	0.093849
3.525000	0.110851
3.526000	0.132651
3.527000	0.159796
3.528000	0.189710
3.529000	0.211187
3.530000	0.228415
3.531000	0.237173
3.532000	0.234500
3.533000	0.219399
3.534000	0.198726
3.535000	0.175155
3.536000	0.144726
3.537000	0.120093
3.538000	0.100611
3.539000	0.090211
3.540000	0.088021
3.541000	0.099098
3.542000	0.119545
3.543000	0.141313
3.544000	0.170003
3.545000	0.197502
3.546000	0.217660
3.547000	0.232794
3.548000	0.237334
3.549000	0.231506
3.550000	0.214118
3.551000	0.192608
3.552000	0.165495
3.553000	0.135452
3.554000	0.113395
3.555000	0.097005
3.556000	0.088440
3.557000	0.091144
3.558000	0.106407
3.559000	0.126919
3.560000	0.150232
3.561000	0.180404
3.562000	0.205778
3.563000	0.225034
3.564000	0.235724
3.565000	0.238300
3.566000	0.227320
3.567000	0.206905
3.568000	0.184654
3.569000	0.155738
3.570000	0.128336
3.571000	0.109016
3.572000	0.093946
3.573000	0.089470
3.574000	0.096071
3.575000	0.112912
3.576000	0.134744
3.577000	0.161824
3.578000	0.191610
3.579000	0.213280
3.580000	0.230282
3.581000	0.239266
3.582000	0.236465
3.583000	0.221298
3.584000	0.200722
3.585000	0.177345
3.586000	0.147237
3.587000	0.122282
3.588000	0.102737
3.589000	0.092561
3.590000	0.090533
3.591000	0.101320
3.592000	0.122057
3.593000	0.144017
3.594000	0.172547
3.595000	0.199949
3.596000	0.220043
3.597000	0.235177
3.598000	0.239878
3.599000	0.233663
3.600000	0.216436
3.601000	0.195280
3.602000	0.168103
3.603000	0.138511
3.604000	0.115939
3.605000	0.099516
3.606000	0.090951
3.607000	0.093527
3.608000	0.108951
3.609000	0.129624
3.610000	0.153034
3.611000	0.183205
3.612000	0.208483
3.613000	0.227674
3.614000	0.238558
3.615000	0.240554
3.616000	0.230025
3.617000	0.209545
3.618000	0.187359
3.619000	0.158443
3.620000	0.130783
3.621000	0.111495
3.622000	0.096490
3.623000	0.091982
3.624000	0.098486
3.625000	0.116035
3.626000	0.137288
3.627000	0.164465
3.628000	0.194153
3.629000	0.215889
3.630000	0.233212
3.631000	0.241681
3.632000	0.239266
3.633000	0.224261
3.634000	0.203588
3.635000	0.179921
3.636000	0.150071
3.637000	0.124536
3.638000	0.105538
3.639000	0.094847
3.640000	0.093237
3.641000	0.104218
3.642000	0.124246
3.643000	0.146304
3.644000	0.174898
3.645000	0.202751
3.646000	0.222715
3.647000	0.237463
3.648000	0.242357
3.649000	0.236465
3.650000	0.218754
3.651000	0.197277
3.652000	0.170229
3.653000	0.140443
3.654000	0.118644
3.655000	0.101706
3.656000	0.093398
3.657000	0.096296
3.658000	0.111431
3.659000	0.131524
3.660000	0.155867
3.661000	0.185814
3.662000	0.211026
3.663000	0.230025
3.664000	0.241359
3.665000	0.243001
3.666000	0.232182
3.667000	0.212347
3.668000	0.190161
3.669000	0.161373
3.670000	0.133101
3.671000	0.113717
3.672000	0.099355
3.673000	0.094397
3.674000	0.100708
3.675000	0.118901
3.676000	0.139928
3.677000	0.167008
3.678000	0.196246
3.679000	0.218432
3.680000	0.236239
3.681000	0.244032
3.682000	0.241907
3.683000	0.226805
3.684000	0.206261
3.685000	0.181853
3.686000	0.152196
3.687000	0.127273
3.688000	0.108565
3.689000	0.097230
3.690000	0.096168
3.691000	0.106987
3.692000	0.126178
3.693000	0.148429
3.694000	0.177635
3.695000	0.205746
3.696000	0.225323
3.697000	0.240103
3.698000	0.245642
3.699000	0.238976
3.700000	0.220912
3.701000	0.199499
3.702000	0.172998
3.703000	0.143309
3.704000	0.121381
3.705000	0.103864
3.706000	0.096618
3.707000	0.098615
3.708000	0.113878
3.709000	0.134325
3.710000	0.158475
3.711000	0.187939
3.712000	0.212862
3.713000	0.232472
3.714000	0.243517
3.715000	0.244772
3.716000	0.234726
3.717000	0.215051
3.718000	0.192737
3.719000	0.163692
3.720000	0.135066
3.721000	0.115939
3.722000	0.101642
3.723000	0.095878
3.724000	0.103026
3.725000	0.120608
3.726000	0.141699
3.727000	0.168683
3.728000	0.198017
3.729000	0.220783
3.730000	0.237817
3.731000	0.245610
3.732000	0.243967
3.733000	0.228640
3.734000	0.207806
3.735000	0.183688
3.736000	0.153613
3.737000	0.129463
3.738000	0.110175
3.739000	0.098905
3.740000	0.098100
3.741000	0.108404
3.742000	0.127853
3.743000	0.150522
3.744000	0.179760
3.745000	0.207806
3.746000	0.226901
3.747000	0.241874
3.748000	0.247735
3.749000	0.240715
3.750000	0.222715
3.751000	0.201978
3.752000	0.175252
3.753000	0.145885
3.754000	0.123087
3.755000	0.106021
3.756000	0.098776
3.757000	0.100354
3.758000	0.115745
3.759000	0.136869
3.760000	0.160697
3.761000	0.190128
3.762000	0.214762
3.763000	0.234500
3.764000	0.245899
3.765000	0.246994
3.766000	0.236980
3.767000	0.217338
3.768000	0.195345
3.769000	0.165592
3.770000	0.137577
3.771000	0.118193
3.772000	0.103992
3.773000	0.098003
3.774000	0.105409
3.775000	0.123377
3.776000	0.144146
3.777000	0.170776
3.778000	0.200304
3.779000	0.223456
3.780000	0.240168
3.781000	0.248153
3.782000	0.246833
3.783000	0.231570
3.784000	0.210447
3.785000	0.186393
3.786000	0.156350
3.787000	0.132232
3.788000	0.113202
3.789000	0.101352
3.790000	0.100901
3.791000	0.110980
3.792000	0.130558
3.793000	0.152937
3.794000	0.182336
3.795000	0.210479
3.796000	0.229831
3.797000	0.244772
3.798000	0.250794
3.799000	0.243871
3.800000	0.225484
3.801000	0.204973
3.802000	0.177957
3.803000	0.148686
3.804000	0.125856
3.805000	0.108597
3.806000	0.101352
3.807000	0.102865
3.808000	0.118096
3.809000	0.139413
3.810000	0.163273
3.811000	0.193155
3.812000	0.218014
3.813000	0.237399
3.814000	0.249055
3.815000	0.250150
3.816000	0.239910
3.817000	0.220171
3.818000	0.198017
3.819000	0.168554
3.820000	0.140411
3.821000	0.121220
3.822000	0.106794
3.823000	0.101384
3.824000	0.107985
3.825000	0.126211
3.826000	0.146948
3.827000	0.174060
3.828000	0.203814
3.829000	0.226740
3.830000	0.244032
3.831000	0.251953
3.832000	0.250343
3.833000	0.235241
3.834000	0.214536
3.835000	0.190386
3.836000	0.160633
3.837000	0.135871
3.838000	0.117033
3.839000	0.105667
3.840000	0.104701
3.841000	0.115456
3.842000	0.135613
3.843000	0.157864
3.844000	0.187263
3.845000	0.215373
3.846000	0.234855
3.847000	0.250279
3.848000	0.255753
3.849000	0.249570
3.850000	0.231828
3.851000	0.211026
3.852000	0.184075
3.853000	0.154418
3.854000	0.132103
3.855000	0.115069
3.856000	0.107599
3.857000	0.109788
3.858000	0.125212
3.859000	0.145949
3.860000	0.170132
3.861000	0.200432
3.862000	0.225517
3.863000	0.244611
3.864000	0.256397
3.865000	0.258136
3.866000	0.247477
3.867000	0.227642
3.868000	0.205649
3.869000	0.176636
3.870000	0.148686
3.871000	0.129302
3.872000	0.114586
3.873000	0.109756
3.874000	0.116067
3.875000	0.134164
3.876000	0.155159
3.877000	0.182722
3.878000	0.212347
3.879000	0.234275
3.880000	0.252275
3.881000	0.260164
3.882000	0.258071
3.883000	0.243581
3.884000	0.222844
3.885000	0.198694
3.886000	0.168329
3.887000	0.143212
3.888000	0.124633
3.889000	0.113266
3.890000	0.111495
3.891000	0.122926
3.892000	0.142665
3.893000	0.164497
3.894000	0.193542
3.895000	0.221620
3.896000	0.242003
3.897000	0.256461
3.898000	0.262032
3.899000	0.256043
3.900000	0.237914
3.901000	0.216017
3.902000	0.189259
3.903000	0.159699
3.904000	0.138157
3.905000	0.120254
3.906000	0.112880
3.907000	0.115456
3.908000	0.129720
3.909000	0.150651
3.910000	0.175026
3.911000	0.205810
3.912000	0.230186
3.913000	0.249216
3.914000	0.261581
3.915000	0.263062
3.916000	0.252018
3.917000	0.231924
3.918000	0.210286
3.919000	0.181273
3.920000	0.153259
3.921000	0.133166
3.922000	0.119223
3.923000	0.113910
3.924000	0.120189
3.925000	0.138608
3.926000	0.159731
3.927000	0.186586
3.928000	0.215921
3.929000	0.238332
3.930000	0.256622
3.931000	0.264028
3.932000	0.261935
3.933000	0.247992
3.934000	0.226837
3.935000	0.202944
3.936000	0.172096
3.937000	0.147141
3.938000	0.129398
3.939000	0.117549
3.940000	0.115939
3.941000	0.127885
3.942000	0.147366
3.943000	0.169102
3.944000	0.198339
3.945000	0.226772
3.946000	0.247574
3.947000	0.261517
3.948000	0.267313
3.949000	0.261517
3.950000	0.243001
3.951000	0.221524
3.952000	0.195023
3.953000	0.165849
3.954000	0.144629
3.955000	0.126758
3.956000	0.119416
3.957000	0.122701
3.958000	0.136644
3.959000	0.157928
3.960000	0.182497
3.961000	0.213280
3.962000	0.238268
3.963000	0.256654
3.964000	0.269052
3.965000	0.271145
3.966000	0.260196
3.967000	0.240200
3.968000	0.219044
3.969000	0.190386
3.970000	0.162758
3.971000	0.142375
3.972000	0.128529
3.973000	0.123828
3.974000	0.130107
3.975000	0.148751
3.976000	0.170583
3.977000	0.197631
3.978000	0.226998
3.979000	0.249538
3.980000	0.267957
3.981000	0.276103
3.982000	0.274107
3.983000	0.260422
3.984000	0.239942
3.985000	0.216629
3.986000	0.186297
3.987000	0.161728
3.988000	0.144082
3.989000	0.133005
3.990000	0.131556
3.991000	0.143663
3.992000	0.163917
3.993000	0.185685
3.994000	0.214858
3.995000	0.243774
3.996000	0.264543
3.997000	0.279098
3.998000	0.284991
3.999000	0.279967
4.000000	0.262000
4.001000	0.241456
4.002000	0.215084
4.003000	0.186361
4.004000	0.165334
4.005000	0.148203
4.006000	0.141087
4.007000	0.144597
4.008000	0.159377
4.009000	0.180597
4.010000	0.205166
4.011000	0.235789
4.012000	0.261291
4.013000	0.280096
4.014000	0.292558
4.015000	0.294747
4.016000	0.284218
4.017000	0.265155
4.018000	0.244064
4.019000	0.215856
4.020000	0.188325
4.021000	0.168941
4.022000	0.155449
4.023000	0.150876
4.024000	0.157574
4.025000	0.175928
4.026000	0.197728
4.027000	0.224422
4.028000	0.254111
4.029000	0.276522
4.030000	0.294747
4.031000	0.302701
4.032000	0.300994
4.033000	0.286633
4.034000	0.266572
4.035000	0.242808
4.036000	0.213280
4.037000	0.189066
4.038000	0.170776
4.039000	0.159828
4.040000	0.158604
4.041000	0.169617
4.042000	0.189291
4.043000	0.211316
4.044000	0.240071
4.045000	0.268408
4.046000	0.287824
4.047000	0.302572
4.048000	0.308304
4.049000	0.302089
4.050000	0.284508
4.051000	0.263706
4.052000	0.237334
4.053000	0.208225
4.054000	0.186554
4.055000	0.169391
4.056000	0.161985
4.057000	0.164207
4.058000	0.179245
4.059000	0.199853
4.060000	0.223681
4.061000	0.253273
4.062000	0.277971
4.063000	0.297227
4.064000	0.308529
4.065000	0.310365
4.066000	0.300318
4.067000	0.280869
4.068000	0.258780
4.069000	0.230057
4.070000	0.202622
4.071000	0.183366
4.072000	0.169037
4.073000	0.164046
4.074000	0.170744
4.075000	0.188325
4.076000	0.209513
4.077000	0.236143
4.078000	0.265767
4.079000	0.287116
4.080000	0.304504
4.081000	0.313166
4.082000	0.310977
4.083000	0.296100
4.084000	0.275910
4.085000	0.252179
4.086000	0.223005
4.087000	0.197889
4.088000	0.178923
4.089000	0.168747
4.090000	0.166976
4.091000	0.177892
4.092000	0.197695
4.093000	0.219656
4.094000	0.247992
4.095000	0.275427
4.096000	0.295069
4.097000	0.310139
4.098000	0.314808
4.099000	0.309044
4.100000	0.292139
4.101000	0.270694
4.102000	0.244128
4.103000	0.214697
4.104000	0.193477
4.105000	0.177409
4.106000	0.168973
4.107000	0.172257
4.108000	0.187488
4.109000	0.207195
4.110000	0.230572
4.111000	0.260551
4.112000	0.285474
4.113000	0.305019
4.114000	0.315581
4.115000	0.318222
4.116000	0.308078
4.117000	0.288404
4.118000	0.266443
4.119000	0.238236
4.120000	0.211413
4.121000	0.192640
4.122000	0.177828
4.123000	0.173835
4.124000	0.180339
4.125000	0.197663
4.126000	0.219044
4.127000	0.246447
4.128000	0.275588
4.129000	0.297227
4.130000	0.314422
4.131000	0.323535
4.132000	0.320894
4.133000	0.306436
4.134000	0.286343
4.135000	0.263352
4.136000	0.234211
4.137000	0.210028
4.138000	0.191127
4.139000	0.181144
4.140000	0.179470
4.141000	0.190193
4.142000	0.210543
4.143000	0.232536
4.144000	0.261034
4.145000	0.288146
4.146000	0.308304
4.147000	0.323663
4.148000	0.328333
4.149000	0.322472
4.150000	0.305599
4.151000	0.284733
4.152000	0.258232
4.153000	0.229220
4.154000	0.207549
4.155000	0.192060
4.156000	0.183785
4.157000	0.186844
4.158000	0.202203
4.159000	0.221942
4.160000	0.245674
4.161000	0.275363
4.162000	0.300672
4.163000	0.320025
4.164000	0.331005
4.165000	0.333130
4.166000	0.323245
4.167000	0.303216
4.168000	0.281481
4.169000	0.253306
4.170000	0.226322
4.171000	0.207549
4.172000	0.192801
4.173000	0.188486
4.174000	0.195119
4.175000	0.212508
4.176000	0.233534
4.177000	0.261001
4.178000	0.290014
4.179000	0.312168
4.180000	0.328880
4.181000	0.337606
4.182000	0.335417
4.183000	0.320862
4.184000	0.300672
4.185000	0.277778
4.186000	0.248250
4.187000	0.223713
4.188000	0.205230
4.189000	0.194540
4.190000	0.193059
4.191000	0.203942
4.192000	0.223778
4.193000	0.245610
4.194000	0.274332
4.195000	0.301671
4.196000	0.321828
4.197000	0.336898
4.198000	0.341986
4.199000	0.336640
4.200000	0.318801
4.201000	0.298386
4.202000	0.271660
4.203000	0.242454
4.204000	0.221170
4.205000	0.204136
4.206000	0.196375
4.207000	0.199241
4.208000	0.213892
4.209000	0.233985
4.210000	0.258168
4.211000	0.287696
4.212000	0.312715
4.213000	0.331359
4.214000	0.343274
4.215000	0.344980
4.216000	0.334644
4.217000	0.315098
4.218000	0.293814
4.219000	0.264962
4.220000	0.237656
4.221000	0.218529
4.222000	0.203942
4.223000	0.199048
4.224000	0.205488
4.225000	0.223230
4.226000	0.244128
4.227000	0.270855
4.228000	0.300028
4.229000	0.322311
4.230000	0.339635
4.231000	0.347299
4.232000	0.345914
4.233000	0.331102
4.234000	0.310944
4.235000	0.287180
4.236000	0.257234
4.237000	0.233341
4.238000	0.214987
4.239000	0.203395
4.240000	0.202429
4.241000	0.213119
4.242000	0.232568
4.243000	0.254561
4.244000	0.283381
4.245000	0.311331
4.246000	0.330458
4.247000	0.345334
4.248000	0.351195
4.249000	0.344529
4.250000	0.326916
4.251000	0.306436
4.252000	0.280032
4.253000	0.251148
4.254000	0.229026
4.255000	0.211542
4.256000	0.204973
4.257000	0.206647
4.258000	0.221459
4.259000	0.242486
4.260000	0.266186
4.261000	0.295552
4.262000	0.319671
4.263000	0.338862
4.264000	0.350744
4.265000	0.351517
4.266000	0.341567
4.267000	0.322375
4.268000	0.300737
4.269000	0.271789
4.270000	0.243871
4.271000	0.224969
4.272000	0.211123
4.273000	0.205295
4.274000	0.212508
4.275000	0.230057
4.276000	0.250536
4.277000	0.276619
4.278000	0.306340
4.279000	0.328558
4.280000	0.345753
4.281000	0.352998
4.282000	0.351839
4.283000	0.337155
4.284000	0.316290
4.285000	0.292429
4.286000	0.262708
4.287000	0.239041
4.288000	0.220526
4.289000	0.208805
4.290000	0.208257
4.291000	0.218658
4.292000	0.237882
4.293000	0.259746
4.294000	0.288565
4.295000	0.316612
4.296000	0.335481
4.297000	0.349778
4.298000	0.355896
4.299000	0.348941
4.300000	0.331456
4.301000	0.310816
4.302000	0.284798
4.303000	0.255817
4.304000	0.233856
4.305000	0.216275
4.306000	0.209738
4.307000	0.211477
4.308000	0.225839
4.309000	0.247381
4.310000	0.270565
4.311000	0.300383
4.312000	0.324050
4.313000	0.342919
4.314000	0.354769
4.315000	0.355735
4.316000	0.345850
4.317000	0.326497
4.318000	0.304730
4.319000	0.275878
4.320000	0.248121
4.321000	0.228898
4.322000	0.215148
4.323000	0.209384
4.324000	0.216500
4.325000	0.234307
4.326000	0.254851
4.327000	0.280869
4.328000	0.309946
4.329000	0.332422
4.330000	0.349681
4.331000	0.356927
4.332000	0.355574
4.333000	0.341116
4.334000	0.319960
4.335000	0.296454
4.336000	0.266701
4.337000	0.242744
4.338000	0.224422
4.339000	0.212669
4.340000	0.211960
4.341000	0.222458
4.342000	0.241874
4.343000	0.263545
4.344000	0.292365
4.345000	0.320154
4.346000	0.339313
4.347000	0.353610
4.348000	0.359406
4.349000	0.352741
4.350000	0.335352
4.351000	0.314325
4.352000	0.288146
4.353000	0.259230
4.354000	0.237109
4.355000	0.220268
4.356000	0.212733
4.357000	0.214762
4.358000	0.229703
4.359000	0.250182
4.360000	0.273495
4.361000	0.303216
4.362000	0.327528
4.363000	0.346655
4.364000	0.357957
4.365000	0.359277
4.366000	0.349198
4.367000	0.329234
4.368000	0.307499
4.369000	0.278905
4.370000	0.250987
4.371000	0.232053
4.372000	0.217885
4.373000	0.212830
4.374000	0.219270
4.375000	0.236755
4.376000	0.257556
4.377000	0.284121
4.378000	0.313166
4.379000	0.335127
4.380000	0.352419
4.381000	0.360436
4.382000	0.357860
4.383000	0.343370
4.384000	0.322891
4.385000	0.299449
4.386000	0.269696
4.387000	0.245062
4.388000	0.226740
4.389000	0.215792
4.390000	0.214021
4.391000	0.224937
4.392000	0.244418
4.393000	0.265928
4.394000	0.294264
4.395000	0.321925
4.396000	0.341825
4.397000	0.355864
4.398000	0.360758
4.399000	0.355156
4.400000	0.337284
4.401000	0.315871
4.402000	0.289467
4.403000	0.260068
4.404000	0.238880
4.405000	0.221588
4.406000	0.213667
4.407000	0.216533
4.408000	0.230926
4.409000	0.250729
4.410000	0.274815
4.411000	0.304118
4.412000	0.329041
4.413000	0.347073
4.414000	0.358182
4.415000	0.360050
4.416000	0.348973
4.417000	0.329009
4.418000	0.307370
4.419000	0.279130
4.420000	0.251213
4.421000	0.231635
4.422000	0.217177
4.423000	0.212572
4.424000	0.218207
4.425000	0.236014
4.426000	0.257331
4.427000	0.283767
4.428000	0.312265
4.429000	0.333420
4.430000	0.351131
4.431000	0.358762
4.432000	0.356025
4.433000	0.341535
4.434000	0.321442
4.435000	0.297646
4.436000	0.267860
4.437000	0.242840
4.438000	0.224518
4.439000	0.213828
4.440000	0.211638
4.441000	0.223102
4.442000	0.242100
4.443000	0.263706
4.444000	0.291721
4.445000	0.319220
4.446000	0.339538
4.447000	0.353417
4.448000	0.358118
4.449000	0.352612
4.450000	0.334515
4.451000	0.313005
4.452000	0.286214
4.453000	0.256912
4.454000	0.236207
4.455000	0.219141
4.456000	0.210962
4.457000	0.214279
4.458000	0.228479
4.459000	0.248121
4.460000	0.272046
4.461000	0.301735
4.462000	0.326529
4.463000	0.344787
4.464000	0.355767
4.465000	0.357828
4.466000	0.346590
4.467000	0.326884
4.468000	0.305084
4.469000	0.277134
4.470000	0.249828
4.471000	0.230218
4.472000	0.215663
4.473000	0.211220
4.474000	0.216919
4.475000	0.234339
4.476000	0.256075
4.477000	0.282544
4.478000	0.311460
4.479000	0.332712
4.480000	0.350197
4.481000	0.358408
4.482000	0.355413
4.483000	0.340794
4.484000	0.320894
4.485000	0.297130
4.486000	0.267216
4.487000	0.242679
4.488000	0.223971
4.489000	0.213699
4.490000	0.211509
4.491000	0.222844
4.492000	0.242390
4.493000	0.263706
4.494000	0.291817
4.495000	0.319574
4.496000	0.339377
4.497000	0.353707
4.498000	0.358826
4.499000	0.352934
4.500000	0.335223
4.501000	0.313875
4.502000	0.286955
4.503000	0.258136
4.504000	0.236594
4.505000	0.219624
4.506000	0.211638
4.507000	0.214633
4.508000	0.228865
4.509000	0.249248
4.510000	0.273173
4.511000	0.302959
4.512000	0.327367
4.513000	0.345914
4.514000	0.356959
4.515000	0.358698
4.516000	0.347975
4.517000	0.328333
4.518000	0.306694
4.519000	0.277939
4.520000	0.250697
4.521000	0.230991
4.522000	0.216790
4.523000	0.211960
4.524000	0.218046
4.525000	0.235982
4.526000	0.257009
4.527000	0.283477
4.528000	0.312232
4.529000	0.334257
4.530000	0.351195
4.531000	0.359181
4.532000	0.356862
4.533000	0.342082
4.534000	0.321699
4.535000	0.297903
4.536000	0.268375
4.537000	0.244128
4.538000	0.225323
4.539000	0.213989
4.540000	0.213345
4.541000	0.223810
4.542000	0.243420
4.543000	0.265123
4.544000	0.293942
4.545000	0.321152
4.546000	0.340247
4.547000	0.355188
4.548000	0.360243
4.549000	0.353739
4.550000	0.336157
4.551000	0.315742
4.552000	0.288984
4.553000	0.259810
4.554000	0.237495
4.555000	0.221170
4.556000	0.213667
4.557000	0.215631
4.558000	0.231248
4.559000	0.251438
4.560000	0.274687
4.561000	0.303860
4.562000	0.328300
4.563000	0.347717
4.564000	0.358633
4.565000	0.359889
4.566000	0.350068
4.567000	0.330200
4.568000	0.308111
4.569000	0.279098
4.570000	0.251502
4.571000	0.233084
4.572000	0.218432
4.573000	0.213377
4.574000	0.220397
4.575000	0.237817
4.576000	0.257781
4.577000	0.284991
4.578000	0.314100
4.579000	0.336383
4.580000	0.352741
4.581000	0.360887
4.582000	0.359116
4.583000	0.343660
4.584000	0.323116
4.585000	0.299288
4.586000	0.270307
4.587000	0.245803
4.588000	0.226933
4.589000	0.216017
4.590000	0.215341
4.591000	0.225227
4.592000	0.244998
4.593000	0.267023
4.594000	0.296068
4.595000	0.323052
4.596000	0.341986
4.597000	0.357281
4.598000	0.362207
4.599000	0.355542
4.600000	0.338057
4.601000	0.317513
4.602000	0.291044
4.603000	0.261678
4.604000	0.239459
4.605000	0.222780
4.606000	0.215534
4.607000	0.217241
4.608000	0.232729
4.609000	0.253080
4.610000	0.276522
4.611000	0.305921
4.612000	0.330393
4.613000	0.349842
4.614000	0.360791
4.615000	0.362014
4.616000	0.351968
4.617000	0.332036
4.618000	0.309914
4.619000	0.281094
4.620000	0.253531
4.621000	0.235048
4.622000	0.220300
4.623000	0.215245
4.624000	0.222168
4.625000	0.239298
4.626000	0.259842
4.627000	0.286826
4.628000	0.315871
4.629000	0.338025
4.630000	0.354640
4.631000	0.362690
4.632000	0.360662
4.633000	0.345592
4.634000	0.325080
4.635000	0.301542
4.636000	0.271821
4.637000	0.247477
4.638000	0.228769
4.639000	0.217821
4.640000	0.216372
4.641000	0.227159
4.642000	0.246833
4.643000	0.268826
4.644000	0.297388
4.645000	0.324919
4.646000	0.344336
4.647000	0.359148
4.648000	0.364075
4.649000	0.357925
4.650000	0.340408
4.651000	0.319316
4.652000	0.292976
4.653000	0.263320
4.654000	0.241842
4.655000	0.224840
4.656000	0.217209
4.657000	0.219849
4.658000	0.234500
4.659000	0.254980
4.660000	0.278744
4.661000	0.308690
4.662000	0.333163
4.663000	0.351742
4.664000	0.363238
4.665000	0.365106
4.666000	0.354286
4.667000	0.334386
4.668000	0.312909
4.669000	0.284315
4.670000	0.256783
4.671000	0.237012
4.672000	0.223198
4.673000	0.218207
4.674000	0.224615
4.675000	0.242454
4.676000	0.263771
4.677000	0.289982
4.678000	0.319059
4.679000	0.341020
4.680000	0.358794
4.681000	0.366200
4.682000	0.364204
4.683000	0.350293
4.684000	0.329331
4.685000	0.305792
4.686000	0.275492
4.687000	0.251309
4.688000	0.233599
4.689000	0.221975
4.690000	0.220912
4.691000	0.232311
4.692000	0.251631
4.693000	0.273173
4.694000	0.302089
4.695000	0.330329
4.696000	0.350325
4.697000	0.364268
4.698000	0.370419
4.699000	0.364301
4.700000	0.346172
4.701000	0.325241
4.702000	0.299288
4.703000	0.270501
4.704000	0.249216
4.705000	0.231699
4.706000	0.224744
4.707000	0.227706
4.708000	0.241520
4.709000	0.263062
4.710000	0.287213
4.711000	0.317449
4.712000	0.341889
4.713000	0.360340
4.714000	0.372737
4.715000	0.374283
4.716000	0.363528
4.717000	0.344336
4.718000	0.323535
4.719000	0.295102
4.720000	0.267635
4.721000	0.247606
4.722000	0.234468
4.723000	0.229284
4.724000	0.235724
4.725000	0.254594
4.726000	0.276007
4.727000	0.302186
4.728000	0.331359
4.729000	0.353739
4.730000	0.372029
4.731000	0.379467
4.732000	0.377471
4.733000	0.363785
4.734000	0.343338
4.735000	0.319799
4.736000	0.289917
4.737000	0.265542
4.738000	0.247928
4.739000	0.236690
4.740000	0.235628
4.741000	0.247187
4.742000	0.266604
4.743000	0.288372
4.744000	0.317352
4.745000	0.345882
4.746000	0.365878
4.747000	0.379950
4.748000	0.386068
4.749000	0.380143
4.750000	0.361853
4.751000	0.341245
4.752000	0.314873
4.753000	0.286247
4.754000	0.264769
4.755000	0.247413
4.756000	0.240297
4.757000	0.243066
4.758000	0.257588
4.759000	0.278840
4.760000	0.302862
4.761000	0.332647
4.762000	0.357410
4.763000	0.376150
4.764000	0.388097
4.765000	0.389481
4.766000	0.379113
4.767000	0.359921
4.768000	0.338186
4.769000	0.309753
4.770000	0.281964
4.771000	0.262611
4.772000	0.248733
4.773000	0.243710
4.774000	0.250504
4.775000	0.268665
4.776000	0.289660
4.777000	0.316322
4.778000	0.345592
4.779000	0.367585
4.780000	0.385134
4.781000	0.393152
4.782000	0.391252
4.783000	0.376408
4.784000	0.356122
4.785000	0.332293
4.786000	0.303184
4.787000	0.278583
4.788000	0.259874
4.789000	0.249248
4.790000	0.248089
4.791000	0.259037
4.792000	0.278551
4.793000	0.300415
4.794000	0.329202
4.795000	0.356830
4.796000	0.376472
4.797000	0.391510
4.798000	0.396372
4.799000	0.390351
4.800000	0.373091
4.801000	0.351871
4.802000	0.325241
4.803000	0.295939
4.804000	0.274429
4.805000	0.257942
4.806000	0.249731
4.807000	0.252404
4.808000	0.267925
4.809000	0.287792
4.810000	0.311588
4.811000	0.341084
4.812000	0.366297
4.813000	0.385488
4.814000	0.396115
4.815000	0.398336
4.816000	0.387710
4.817000	0.367778
4.818000	0.345560
4.819000	0.317159
4.820000	0.289724
4.821000	0.270662
4.822000	0.255849
4.823000	0.251824
4.824000	0.258007
4.825000	0.275137
4.826000	0.296969
4.827000	0.323889
4.828000	0.353385
4.829000	0.374379
4.830000	0.391735
4.831000	0.400719
4.832000	0.397821
4.833000	0.382623
4.834000	0.362787
4.835000	0.339184
4.836000	0.309817
4.837000	0.285055
4.838000	0.265638
4.839000	0.255817
4.840000	0.253917
4.841000	0.264704
4.842000	0.284765
4.843000	0.306726
4.844000	0.335159
4.845000	0.362562
4.846000	0.382494
4.847000	0.397628
4.848000	0.401846
4.849000	0.396211
4.850000	0.378952
4.851000	0.357442
4.852000	0.330780
4.853000	0.301091
4.854000	0.279742
4.855000	0.263577
4.856000	0.255044
4.857000	0.257781
4.858000	0.273270
4.859000	0.292815
4.860000	0.316483
4.861000	0.346204
4.862000	0.371352
4.863000	0.390544
4.864000	0.400752
4.865000	0.402877
4.866000	0.392347
4.867000	0.372415
4.868000	0.350164
4.869000	0.321828
4.870000	0.294715
4.871000	0.275331
4.872000	0.260518
4.873000	0.256075
4.874000	0.262386
4.875000	0.279710
4.876000	0.301059
4.877000	0.328204
4.878000	0.357152
4.879000	0.378469
4.880000	0.395696
4.881000	0.403939
4.882000	0.401267
4.883000	0.386487
4.884000	0.366265
4.885000	0.342694
4.886000	0.312780
4.887000	0.288050
4.888000	0.269213
4.889000	0.258651
4.890000	0.257105
4.891000	0.268150
4.892000	0.287889
4.893000	0.309463
4.894000	0.337961
4.895000	0.365363
4.896000	0.385134
4.897000	0.399689
4.898000	0.404583
4.899000	0.398562
4.900000	0.380562
4.901000	0.359470
4.902000	0.332583
4.903000	0.303570
4.904000	0.281900
4.905000	0.264833
4.906000	0.257266
4.907000	0.259907
4.908000	0.274332
4.909000	0.294908
4.910000	0.318705
4.911000	0.348039
4.912000	0.372351
4.913000	0.391124
4.914000	0.402587
4.915000	0.403585
4.916000	0.393281
4.917000	0.373381
4.918000	0.351710
4.919000	0.322730
4.920000	0.295359
4.921000	0.275749
4.922000	0.261806
4.923000	0.256493
4.924000	0.263062
4.925000	0.280869
4.926000	0.301252
4.927000	0.328011
4.928000	0.356379
4.929000	0.378823
4.930000	0.395793
4.931000	0.402973
4.932000	0.401202
4.933000	0.386358
4.934000	0.365428
4.935000	0.341309
4.936000	0.311653
4.937000	0.287599
4.938000	0.269277
4.939000	0.257331
4.940000	0.256783
4.941000	0.267055
4.942000	0.286150
4.943000	0.307724
4.944000	0.336608
4.945000	0.363882
4.946000	0.382719
4.947000	0.397113
4.948000	0.402651
4.949000	0.395535
4.950000	0.377245
4.951000	0.356991
4.952000	0.330393
4.953000	0.301445
4.954000	0.279291
4.955000	0.261935
4.956000	0.255238
4.957000	0.256848
4.958000	0.271821
4.959000	0.292493
4.960000	0.316161
4.961000	0.345077
4.962000	0.369131
4.963000	0.388032
4.964000	0.399560
4.965000	0.400075
4.966000	0.389964
4.967000	0.370644
4.968000	0.348683
4.969000	0.319574
4.970000	0.291914
4.971000	0.272690
4.972000	0.258941
4.973000	0.253048
4.974000	0.260325
4.975000	0.278261
4.976000	0.298418
4.977000	0.324887
4.978000	0.353707
4.979000	0.376054
4.980000	0.393056
4.981000	0.400011
4.982000	0.398594
4.983000	0.383589
4.984000	0.362755
4.985000	0.338701
4.986000	0.308948
4.987000	0.284926
4.988000	0.266765
4.989000	0.255109
4.990000	0.254851
4.991000	0.265252
4.992000	0.284443
4.993000	0.306179
4.994000	0.334934
4.995000	0.362497
4.996000	0.381335
4.997000	0.395471
4.998000	0.401202
4.999000	0.394472
