LabVIEW Measurement	
Writer_Version	2
Reader_Version	2
Separator	Tab
Decimal_Separator	.
Multi_Headings	No
X_Columns	Multi
Time_Pref	Absolute
Operator	mmolter
Date	2018/09/11
Time	13:21:20.5047683300348916653
***End_of_Header***	
	
Channels	1	
Samples	5000	
Date	2018/09/11	
Time	13:21:20.5047683300348916653	
Y_Unit_Label	Volts	
X_Dimension	Time	
X0	0.0000000000000000E+0	
Delta_X	0.001000	
***End_of_Header***		
X_Value	Voltage	Comment
0.000000	0.453077
0.001000	0.463446
0.002000	0.475843
0.003000	0.491332
0.004000	0.508269
0.005000	0.521053
0.006000	0.531293
0.007000	0.536091
0.008000	0.534771
0.009000	0.526817
0.010000	0.515225
0.011000	0.501701
0.012000	0.484312
0.013000	0.470112
0.014000	0.459840
0.015000	0.453335
0.016000	0.452466
0.017000	0.458841
0.018000	0.470434
0.019000	0.482960
0.020000	0.499446
0.021000	0.515708
0.022000	0.527397
0.023000	0.535737
0.024000	0.539086
0.025000	0.536252
0.026000	0.525915
0.027000	0.513744
0.028000	0.498191
0.029000	0.481704
0.030000	0.469468
0.031000	0.459840
0.032000	0.455203
0.033000	0.457070
0.034000	0.465282
0.035000	0.476809
0.036000	0.490720
0.037000	0.508269
0.038000	0.523114
0.039000	0.533354
0.040000	0.540180
0.041000	0.541855
0.042000	0.535801
0.043000	0.524177
0.044000	0.511490
0.045000	0.495357
0.046000	0.479675
0.047000	0.468695
0.048000	0.459968
0.049000	0.457682
0.050000	0.460967
0.051000	0.470852
0.052000	0.483668
0.053000	0.499253
0.054000	0.516320
0.055000	0.528556
0.056000	0.538377
0.057000	0.544205
0.058000	0.542563
0.059000	0.533966
0.060000	0.522663
0.061000	0.509171
0.062000	0.492556
0.063000	0.478001
0.064000	0.466956
0.065000	0.461321
0.066000	0.460387
0.067000	0.466087
0.068000	0.478001
0.069000	0.491106
0.070000	0.507497
0.071000	0.523275
0.072000	0.534449
0.073000	0.543916
0.074000	0.546717
0.075000	0.543175
0.076000	0.533933
0.077000	0.521729
0.078000	0.506692
0.079000	0.489657
0.080000	0.476842
0.081000	0.467471
0.082000	0.463349
0.083000	0.464090
0.084000	0.473396
0.085000	0.485600
0.086000	0.499060
0.087000	0.516384
0.088000	0.530585
0.089000	0.542306
0.090000	0.549036
0.091000	0.549937
0.092000	0.544785
0.093000	0.533676
0.094000	0.520860
0.095000	0.504566
0.096000	0.488273
0.097000	0.477292
0.098000	0.469629
0.099000	0.466248
0.100000	0.470627
0.101000	0.480706
0.102000	0.492910
0.103000	0.508012
0.104000	0.525368
0.105000	0.538409
0.106000	0.548392
0.107000	0.553190
0.108000	0.552610
0.109000	0.544528
0.110000	0.532098
0.111000	0.518831
0.112000	0.501701
0.113000	0.488015
0.114000	0.477904
0.115000	0.470917
0.116000	0.470659
0.117000	0.476809
0.118000	0.488176
0.119000	0.500895
0.120000	0.517801
0.121000	0.533998
0.122000	0.545333
0.123000	0.553769
0.124000	0.557440
0.125000	0.553995
0.126000	0.544012
0.127000	0.531615
0.128000	0.516835
0.129000	0.500026
0.130000	0.487597
0.131000	0.477711
0.132000	0.473364
0.133000	0.474716
0.134000	0.483250
0.135000	0.495325
0.136000	0.508849
0.137000	0.526270
0.138000	0.540213
0.139000	0.551225
0.140000	0.558342
0.141000	0.559404
0.142000	0.553801
0.143000	0.542177
0.144000	0.529683
0.145000	0.513389
0.146000	0.497289
0.147000	0.486309
0.148000	0.478258
0.149000	0.475167
0.150000	0.479031
0.151000	0.489142
0.152000	0.501121
0.153000	0.516545
0.154000	0.533450
0.155000	0.546588
0.156000	0.556442
0.157000	0.561143
0.158000	0.560370
0.159000	0.552062
0.160000	0.539891
0.161000	0.526624
0.162000	0.509300
0.163000	0.495260
0.164000	0.484956
0.165000	0.478258
0.166000	0.477647
0.167000	0.483314
0.168000	0.494810
0.169000	0.507561
0.170000	0.524370
0.171000	0.540213
0.172000	0.551483
0.173000	0.560048
0.174000	0.563687
0.175000	0.559984
0.176000	0.549712
0.177000	0.537959
0.178000	0.522985
0.179000	0.506080
0.180000	0.493200
0.181000	0.483411
0.182000	0.479450
0.183000	0.480384
0.184000	0.489013
0.185000	0.501153
0.186000	0.514903
0.187000	0.531905
0.188000	0.545977
0.189000	0.557054
0.190000	0.564234
0.191000	0.564653
0.192000	0.559340
0.193000	0.548198
0.194000	0.535737
0.195000	0.519089
0.196000	0.502860
0.197000	0.491815
0.198000	0.484216
0.199000	0.480577
0.200000	0.484344
0.201000	0.495035
0.202000	0.507046
0.203000	0.522116
0.204000	0.538731
0.205000	0.551966
0.206000	0.562560
0.207000	0.566553
0.208000	0.566005
0.209000	0.558148
0.210000	0.546138
0.211000	0.532356
0.212000	0.515032
0.213000	0.500799
0.214000	0.491042
0.215000	0.483990
0.216000	0.483185
0.217000	0.489915
0.218000	0.500734
0.219000	0.513261
0.220000	0.529812
0.221000	0.546299
0.222000	0.558181
0.223000	0.565973
0.224000	0.569387
0.225000	0.566778
0.226000	0.556281
0.227000	0.543722
0.228000	0.528524
0.229000	0.511876
0.230000	0.500026
0.231000	0.489947
0.232000	0.485149
0.233000	0.487114
0.234000	0.495067
0.235000	0.506788
0.236000	0.520860
0.237000	0.538023
0.238000	0.552932
0.239000	0.562946
0.240000	0.569870
0.241000	0.571576
0.242000	0.565361
0.243000	0.553866
0.244000	0.541243
0.245000	0.525304
0.246000	0.509525
0.247000	0.498287
0.248000	0.489657
0.249000	0.487371
0.250000	0.490462
0.251000	0.500412
0.252000	0.513357
0.253000	0.528653
0.254000	0.545590
0.255000	0.557762
0.256000	0.567937
0.257000	0.573218
0.258000	0.571963
0.259000	0.563558
0.260000	0.551998
0.261000	0.538570
0.262000	0.521472
0.263000	0.507110
0.264000	0.496484
0.265000	0.490334
0.266000	0.489110
0.267000	0.495325
0.268000	0.506885
0.269000	0.519636
0.270000	0.535608
0.271000	0.551740
0.272000	0.563236
0.273000	0.571963
0.274000	0.574893
0.275000	0.571673
0.276000	0.561948
0.277000	0.549486
0.278000	0.534384
0.279000	0.517414
0.280000	0.504953
0.281000	0.495132
0.282000	0.490559
0.283000	0.492072
0.284000	0.500445
0.285000	0.512488
0.286000	0.525690
0.287000	0.543078
0.288000	0.557408
0.289000	0.568098
0.290000	0.575086
0.291000	0.576181
0.292000	0.570449
0.293000	0.559018
0.294000	0.546363
0.295000	0.530263
0.296000	0.514227
0.297000	0.502763
0.298000	0.494745
0.299000	0.492008
0.300000	0.495260
0.301000	0.505275
0.302000	0.517769
0.303000	0.532871
0.304000	0.549905
0.305000	0.562335
0.306000	0.572607
0.307000	0.577566
0.308000	0.576117
0.309000	0.568356
0.310000	0.556410
0.311000	0.542950
0.312000	0.525529
0.313000	0.511071
0.314000	0.500863
0.315000	0.494327
0.316000	0.492910
0.317000	0.499414
0.318000	0.511007
0.319000	0.523114
0.320000	0.539408
0.321000	0.555315
0.322000	0.567197
0.323000	0.575633
0.324000	0.578467
0.325000	0.575666
0.326000	0.565748
0.327000	0.553125
0.328000	0.537701
0.329000	0.520828
0.330000	0.508398
0.331000	0.498996
0.332000	0.493779
0.333000	0.495840
0.334000	0.504148
0.335000	0.515547
0.336000	0.528685
0.337000	0.546363
0.338000	0.561014
0.339000	0.571641
0.340000	0.578177
0.341000	0.579820
0.342000	0.574120
0.343000	0.561980
0.344000	0.549390
0.345000	0.532935
0.346000	0.517414
0.347000	0.506563
0.348000	0.497482
0.349000	0.494971
0.350000	0.498448
0.351000	0.508141
0.352000	0.520280
0.353000	0.535962
0.354000	0.552868
0.355000	0.565651
0.356000	0.575054
0.357000	0.580496
0.358000	0.579337
0.359000	0.570610
0.360000	0.558889
0.361000	0.545655
0.362000	0.528620
0.363000	0.514388
0.364000	0.503246
0.365000	0.496903
0.366000	0.496259
0.367000	0.501507
0.368000	0.513067
0.369000	0.526044
0.370000	0.542692
0.371000	0.558406
0.372000	0.569258
0.373000	0.578306
0.374000	0.581655
0.375000	0.577855
0.376000	0.567809
0.377000	0.555798
0.378000	0.540760
0.379000	0.523919
0.380000	0.510652
0.381000	0.501024
0.382000	0.496870
0.383000	0.497321
0.384000	0.506144
0.385000	0.518091
0.386000	0.531583
0.387000	0.548327
0.388000	0.562560
0.389000	0.573605
0.390000	0.580528
0.391000	0.581108
0.392000	0.575923
0.393000	0.564653
0.394000	0.551805
0.395000	0.535350
0.396000	0.518928
0.397000	0.507947
0.398000	0.499962
0.399000	0.496387
0.400000	0.500187
0.401000	0.510362
0.402000	0.522309
0.403000	0.537379
0.404000	0.554123
0.405000	0.567261
0.406000	0.577469
0.407000	0.581848
0.408000	0.581172
0.409000	0.572800
0.410000	0.560757
0.411000	0.547168
0.412000	0.530005
0.413000	0.515933
0.414000	0.505532
0.415000	0.498577
0.416000	0.497933
0.417000	0.503890
0.418000	0.514742
0.419000	0.527461
0.420000	0.543916
0.421000	0.560113
0.422000	0.571447
0.423000	0.579852
0.424000	0.583169
0.425000	0.579916
0.426000	0.569805
0.427000	0.557440
0.428000	0.542531
0.429000	0.525497
0.430000	0.512874
0.431000	0.502956
0.432000	0.498545
0.433000	0.499672
0.434000	0.507851
0.435000	0.519958
0.436000	0.533579
0.437000	0.550549
0.438000	0.564943
0.439000	0.575859
0.440000	0.582653
0.441000	0.583845
0.442000	0.578242
0.443000	0.566810
0.444000	0.554220
0.445000	0.537701
0.446000	0.521601
0.447000	0.510588
0.448000	0.502248
0.449000	0.499092
0.450000	0.502924
0.451000	0.512713
0.452000	0.524917
0.453000	0.540019
0.454000	0.557182
0.455000	0.570127
0.456000	0.579948
0.457000	0.584746
0.458000	0.583974
0.459000	0.575569
0.460000	0.563494
0.461000	0.550098
0.462000	0.532839
0.463000	0.518960
0.464000	0.508269
0.465000	0.501282
0.466000	0.500702
0.467000	0.506337
0.468000	0.517672
0.469000	0.530552
0.470000	0.547136
0.471000	0.563204
0.472000	0.574249
0.473000	0.582750
0.474000	0.586550
0.475000	0.582685
0.476000	0.572542
0.477000	0.560692
0.478000	0.545751
0.479000	0.529007
0.480000	0.515933
0.481000	0.505629
0.482000	0.501797
0.483000	0.502699
0.484000	0.510813
0.485000	0.523114
0.486000	0.536703
0.487000	0.553801
0.488000	0.567712
0.489000	0.578532
0.490000	0.586034
0.491000	0.586517
0.492000	0.580914
0.493000	0.569805
0.494000	0.557569
0.495000	0.540824
0.496000	0.524692
0.497000	0.512810
0.498000	0.505243
0.499000	0.501636
0.500000	0.505082
0.501000	0.515643
0.502000	0.527815
0.503000	0.542563
0.504000	0.559082
0.505000	0.572156
0.506000	0.582750
0.507000	0.586968
0.508000	0.585970
0.509000	0.578306
0.510000	0.566456
0.511000	0.552546
0.512000	0.535028
0.513000	0.520474
0.514000	0.510395
0.515000	0.503633
0.516000	0.502345
0.517000	0.508720
0.518000	0.520119
0.519000	0.532034
0.520000	0.548424
0.521000	0.564685
0.522000	0.576471
0.523000	0.584618
0.524000	0.587934
0.525000	0.585229
0.526000	0.574861
0.527000	0.562174
0.528000	0.546749
0.529000	0.530102
0.530000	0.517608
0.531000	0.507883
0.532000	0.502699
0.533000	0.504534
0.534000	0.512552
0.535000	0.524080
0.536000	0.537508
0.537000	0.554961
0.538000	0.569837
0.539000	0.579948
0.540000	0.586711
0.541000	0.588353
0.542000	0.582331
0.543000	0.570739
0.544000	0.557987
0.545000	0.541758
0.546000	0.525948
0.547000	0.514613
0.548000	0.505693
0.549000	0.503278
0.550000	0.506370
0.551000	0.516126
0.552000	0.528556
0.553000	0.544012
0.554000	0.560789
0.555000	0.573218
0.556000	0.583201
0.557000	0.588546
0.558000	0.587065
0.559000	0.578821
0.560000	0.567197
0.561000	0.553801
0.562000	0.536767
0.563000	0.521890
0.564000	0.511103
0.565000	0.504888
0.566000	0.503600
0.567000	0.509332
0.568000	0.520924
0.569000	0.533450
0.570000	0.549712
0.571000	0.565683
0.572000	0.577050
0.573000	0.585938
0.574000	0.588707
0.575000	0.585648
0.576000	0.575956
0.577000	0.563365
0.578000	0.548102
0.579000	0.530874
0.580000	0.518187
0.581000	0.508527
0.582000	0.503600
0.583000	0.504856
0.584000	0.513357
0.585000	0.525110
0.586000	0.538216
0.587000	0.555540
0.588000	0.569998
0.589000	0.580850
0.590000	0.587580
0.591000	0.589061
0.592000	0.583297
0.593000	0.571802
0.594000	0.559018
0.595000	0.542467
0.596000	0.526398
0.597000	0.515321
0.598000	0.506820
0.599000	0.503794
0.600000	0.507078
0.601000	0.517060
0.602000	0.529297
0.603000	0.544495
0.604000	0.561562
0.605000	0.574056
0.606000	0.584328
0.607000	0.589448
0.608000	0.588160
0.609000	0.580109
0.610000	0.568034
0.611000	0.554671
0.612000	0.537379
0.613000	0.522792
0.614000	0.512359
0.615000	0.505693
0.616000	0.504277
0.617000	0.510298
0.618000	0.521729
0.619000	0.534191
0.620000	0.550549
0.621000	0.566424
0.622000	0.578306
0.623000	0.586872
0.624000	0.589802
0.625000	0.586904
0.626000	0.576954
0.627000	0.564428
0.628000	0.549197
0.629000	0.532034
0.630000	0.519508
0.631000	0.509751
0.632000	0.504727
0.633000	0.506209
0.634000	0.514388
0.635000	0.525754
0.636000	0.539150
0.637000	0.556571
0.638000	0.571254
0.639000	0.581945
0.640000	0.588449
0.641000	0.590317
0.642000	0.584457
0.643000	0.572542
0.644000	0.559758
0.645000	0.543336
0.646000	0.527558
0.647000	0.516384
0.648000	0.507368
0.649000	0.504663
0.650000	0.507883
0.651000	0.517414
0.652000	0.529844
0.653000	0.545333
0.654000	0.562302
0.655000	0.575022
0.656000	0.584682
0.657000	0.590124
0.658000	0.588804
0.659000	0.580303
0.660000	0.568453
0.661000	0.555379
0.662000	0.538087
0.663000	0.523855
0.664000	0.512617
0.665000	0.506144
0.666000	0.505049
0.667000	0.510330
0.668000	0.522180
0.669000	0.535125
0.670000	0.551644
0.671000	0.567197
0.672000	0.578403
0.673000	0.587548
0.674000	0.590671
0.675000	0.587129
0.676000	0.577372
0.677000	0.565426
0.678000	0.550388
0.679000	0.533257
0.680000	0.520055
0.681000	0.510266
0.682000	0.505919
0.683000	0.506595
0.684000	0.515160
0.685000	0.527268
0.686000	0.540502
0.687000	0.557408
0.688000	0.571834
0.689000	0.583169
0.690000	0.590124
0.691000	0.590800
0.692000	0.585712
0.693000	0.574603
0.694000	0.561819
0.695000	0.545011
0.696000	0.528717
0.697000	0.517543
0.698000	0.509525
0.699000	0.505790
0.700000	0.509622
0.701000	0.519765
0.702000	0.531712
0.703000	0.546685
0.704000	0.563462
0.705000	0.577050
0.706000	0.587226
0.707000	0.591637
0.708000	0.591348
0.709000	0.583330
0.710000	0.571061
0.711000	0.557440
0.712000	0.540019
0.713000	0.525787
0.714000	0.515643
0.715000	0.508302
0.716000	0.507690
0.717000	0.513615
0.718000	0.524370
0.719000	0.537121
0.720000	0.553737
0.721000	0.570224
0.722000	0.581719
0.723000	0.589963
0.724000	0.593730
0.725000	0.590575
0.726000	0.580238
0.727000	0.567809
0.728000	0.552803
0.729000	0.535994
0.730000	0.523597
0.731000	0.513196
0.732000	0.508656
0.733000	0.509847
0.734000	0.517704
0.735000	0.529812
0.736000	0.543529
0.737000	0.560853
0.738000	0.575279
0.739000	0.585712
0.740000	0.593151
0.741000	0.594407
0.742000	0.588578
0.743000	0.577340
0.744000	0.564717
0.745000	0.548359
0.746000	0.532162
0.747000	0.520699
0.748000	0.512456
0.749000	0.509235
0.750000	0.512552
0.751000	0.522567
0.752000	0.534996
0.753000	0.549937
0.754000	0.566971
0.755000	0.579916
0.756000	0.590253
0.757000	0.595179
0.758000	0.594246
0.759000	0.586163
0.760000	0.574249
0.761000	0.560725
0.762000	0.543304
0.763000	0.529039
0.764000	0.518541
0.765000	0.511490
0.766000	0.510523
0.767000	0.516255
0.768000	0.527493
0.769000	0.540213
0.770000	0.556796
0.771000	0.572993
0.772000	0.584360
0.773000	0.592861
0.774000	0.596500
0.775000	0.593119
0.776000	0.583201
0.777000	0.571029
0.778000	0.556023
0.779000	0.539118
0.780000	0.526173
0.781000	0.515804
0.782000	0.511683
0.783000	0.512295
0.784000	0.520538
0.785000	0.532806
0.786000	0.546170
0.787000	0.563526
0.788000	0.577662
0.789000	0.588610
0.790000	0.596049
0.791000	0.596918
0.792000	0.591637
0.793000	0.580464
0.794000	0.567809
0.795000	0.551129
0.796000	0.534738
0.797000	0.523307
0.798000	0.515547
0.799000	0.511586
0.800000	0.515128
0.801000	0.525593
0.802000	0.537604
0.803000	0.552513
0.804000	0.569322
0.805000	0.582557
0.806000	0.593183
0.807000	0.597401
0.808000	0.597015
0.809000	0.589190
0.810000	0.577050
0.811000	0.563268
0.812000	0.545783
0.813000	0.531357
0.814000	0.521407
0.815000	0.513969
0.816000	0.512939
0.817000	0.519347
0.818000	0.530295
0.819000	0.542563
0.820000	0.559179
0.821000	0.575505
0.822000	0.587419
0.823000	0.595373
0.824000	0.599301
0.825000	0.596435
0.826000	0.586099
0.827000	0.573315
0.828000	0.558277
0.829000	0.541565
0.830000	0.529264
0.831000	0.518896
0.832000	0.513905
0.833000	0.515804
0.834000	0.523404
0.835000	0.534867
0.836000	0.548681
0.837000	0.566360
0.838000	0.581011
0.839000	0.591283
0.840000	0.598528
0.841000	0.600235
0.842000	0.594149
0.843000	0.582589
0.844000	0.570095
0.845000	0.553995
0.846000	0.538023
0.847000	0.526366
0.848000	0.517575
0.849000	0.515032
0.850000	0.517865
0.851000	0.527622
0.852000	0.540470
0.853000	0.555798
0.854000	0.572703
0.855000	0.585165
0.856000	0.595308
0.857000	0.600976
0.858000	0.599430
0.859000	0.591380
0.860000	0.579723
0.861000	0.566617
0.862000	0.549358
0.863000	0.534481
0.864000	0.523629
0.865000	0.517414
0.866000	0.515837
0.867000	0.521504
0.868000	0.533289
0.869000	0.545944
0.870000	0.562174
0.871000	0.577888
0.872000	0.589737
0.873000	0.598883
0.874000	0.601845
0.875000	0.598850
0.876000	0.589222
0.877000	0.576761
0.878000	0.561562
0.879000	0.544399
0.880000	0.531647
0.881000	0.522051
0.882000	0.516706
0.883000	0.517994
0.884000	0.526495
0.885000	0.538120
0.886000	0.551290
0.887000	0.568646
0.888000	0.583362
0.889000	0.594439
0.890000	0.601040
0.891000	0.602714
0.892000	0.597240
0.893000	0.585712
0.894000	0.572993
0.895000	0.556506
0.896000	0.540567
0.897000	0.529425
0.898000	0.520506
0.899000	0.517511
0.900000	0.520957
0.901000	0.530617
0.902000	0.542950
0.903000	0.558084
0.904000	0.575183
0.905000	0.588288
0.906000	0.598271
0.907000	0.603519
0.908000	0.602586
0.909000	0.594503
0.910000	0.582557
0.911000	0.569258
0.912000	0.551998
0.913000	0.537540
0.914000	0.526753
0.915000	0.519958
0.916000	0.518702
0.917000	0.524531
0.918000	0.535898
0.919000	0.548520
0.920000	0.564846
0.921000	0.580947
0.922000	0.592636
0.923000	0.601426
0.924000	0.604485
0.925000	0.601781
0.926000	0.591863
0.927000	0.579498
0.928000	0.564363
0.929000	0.547136
0.930000	0.534416
0.931000	0.524499
0.932000	0.519540
0.933000	0.520796
0.934000	0.529007
0.935000	0.540728
0.936000	0.554156
0.937000	0.571512
0.938000	0.586324
0.939000	0.596854
0.940000	0.603777
0.941000	0.605774
0.942000	0.600074
0.943000	0.588385
0.944000	0.575730
0.945000	0.559404
0.946000	0.543497
0.947000	0.532259
0.948000	0.523339
0.949000	0.520635
0.950000	0.523694
0.951000	0.533322
0.952000	0.545880
0.953000	0.561047
0.954000	0.578338
0.955000	0.590929
0.956000	0.601201
0.957000	0.606740
0.958000	0.605548
0.959000	0.597176
0.960000	0.585616
0.961000	0.572446
0.962000	0.555154
0.963000	0.540631
0.964000	0.529619
0.965000	0.523211
0.966000	0.521697
0.967000	0.527236
0.968000	0.539150
0.969000	0.551869
0.970000	0.568260
0.971000	0.584038
0.972000	0.595437
0.973000	0.604969
0.974000	0.608060
0.975000	0.604711
0.976000	0.595340
0.977000	0.583265
0.978000	0.568163
0.979000	0.550903
0.980000	0.537637
0.981000	0.528041
0.982000	0.523468
0.983000	0.523951
0.984000	0.532678
0.985000	0.544689
0.986000	0.557730
0.987000	0.574861
0.988000	0.589415
0.989000	0.600879
0.990000	0.607899
0.991000	0.608961
0.992000	0.604260
0.993000	0.592925
0.994000	0.579916
0.995000	0.563140
0.996000	0.547007
0.997000	0.535930
0.998000	0.527912
0.999000	0.523726
1.000000	0.527622
1.001000	0.537669
1.002000	0.549454
1.003000	0.564395
1.004000	0.581655
1.005000	0.595083
1.006000	0.605419
1.007000	0.609766
1.008000	0.609702
1.009000	0.601684
1.010000	0.589448
1.011000	0.575859
1.012000	0.558503
1.013000	0.544238
1.014000	0.533966
1.015000	0.526398
1.016000	0.525787
1.017000	0.531486
1.018000	0.542370
1.019000	0.554961
1.020000	0.571769
1.021000	0.587999
1.022000	0.599591
1.023000	0.607867
1.024000	0.612021
1.025000	0.608704
1.026000	0.598432
1.027000	0.586034
1.028000	0.571093
1.029000	0.554445
1.030000	0.541758
1.031000	0.531229
1.032000	0.526656
1.033000	0.527783
1.034000	0.535543
1.035000	0.547393
1.036000	0.561111
1.037000	0.578532
1.038000	0.592925
1.039000	0.603519
1.040000	0.610990
1.041000	0.612182
1.042000	0.606707
1.043000	0.595437
1.044000	0.582943
1.045000	0.566682
1.046000	0.550420
1.047000	0.538635
1.048000	0.530230
1.049000	0.527010
1.050000	0.530069
1.051000	0.540213
1.052000	0.552707
1.053000	0.567519
1.054000	0.584360
1.055000	0.597466
1.056000	0.607963
1.057000	0.612922
1.058000	0.612021
1.059000	0.604357
1.060000	0.592442
1.061000	0.578918
1.062000	0.561626
1.063000	0.546975
1.064000	0.536413
1.065000	0.529490
1.066000	0.528363
1.067000	0.534159
1.068000	0.545333
1.069000	0.557859
1.070000	0.574378
1.071000	0.590639
1.072000	0.602199
1.073000	0.610893
1.074000	0.614532
1.075000	0.611602
1.076000	0.601620
1.077000	0.589126
1.078000	0.574281
1.079000	0.557279
1.080000	0.544302
1.081000	0.534255
1.082000	0.529586
1.083000	0.530456
1.084000	0.538442
1.085000	0.550678
1.086000	0.563945
1.087000	0.581365
1.088000	0.595823
1.089000	0.606546
1.090000	0.614178
1.091000	0.615305
1.092000	0.609992
1.093000	0.598818
1.094000	0.586324
1.095000	0.569870
1.096000	0.553415
1.097000	0.541855
1.098000	0.533901
1.099000	0.530295
1.100000	0.533579
1.101000	0.543819
1.102000	0.555991
1.103000	0.570803
1.104000	0.587741
1.105000	0.601008
1.106000	0.611860
1.107000	0.616400
1.108000	0.615691
1.109000	0.608221
1.110000	0.596178
1.111000	0.582589
1.112000	0.565039
1.113000	0.550485
1.114000	0.540631
1.115000	0.533193
1.116000	0.531905
1.117000	0.538184
1.118000	0.549132
1.119000	0.561304
1.120000	0.577855
1.121000	0.594374
1.122000	0.606450
1.123000	0.614661
1.124000	0.618203
1.125000	0.615885
1.126000	0.605580
1.127000	0.593054
1.128000	0.577920
1.129000	0.561111
1.130000	0.548681
1.131000	0.538377
1.132000	0.533257
1.133000	0.535060
1.134000	0.542563
1.135000	0.554027
1.136000	0.567744
1.137000	0.585455
1.138000	0.600493
1.139000	0.610668
1.140000	0.617881
1.141000	0.620103
1.142000	0.614275
1.143000	0.602457
1.144000	0.590156
1.145000	0.573798
1.146000	0.558245
1.147000	0.546685
1.148000	0.537476
1.149000	0.534932
1.150000	0.537476
1.151000	0.547393
1.152000	0.559952
1.153000	0.575376
1.154000	0.592507
1.155000	0.605033
1.156000	0.615273
1.157000	0.620940
1.158000	0.619652
1.159000	0.611602
1.160000	0.600138
1.161000	0.586968
1.162000	0.569934
1.163000	0.554993
1.164000	0.543980
1.165000	0.537604
1.166000	0.536026
1.167000	0.541597
1.168000	0.553286
1.169000	0.566070
1.170000	0.582460
1.171000	0.598142
1.172000	0.609638
1.173000	0.619073
1.174000	0.622260
1.175000	0.619362
1.176000	0.609766
1.177000	0.597562
1.178000	0.582460
1.179000	0.565168
1.180000	0.552223
1.181000	0.542563
1.182000	0.537540
1.183000	0.538281
1.184000	0.546782
1.185000	0.558309
1.186000	0.571576
1.187000	0.588707
1.188000	0.603648
1.189000	0.614854
1.190000	0.621810
1.191000	0.623355
1.192000	0.618139
1.193000	0.606772
1.194000	0.593891
1.195000	0.577566
1.196000	0.561433
1.197000	0.550195
1.198000	0.541436
1.199000	0.538216
1.200000	0.541468
1.201000	0.551096
1.202000	0.563526
1.203000	0.578499
1.204000	0.595695
1.205000	0.608575
1.206000	0.618847
1.207000	0.624289
1.208000	0.623323
1.209000	0.615466
1.210000	0.603680
1.211000	0.590414
1.212000	0.573154
1.213000	0.558503
1.214000	0.547683
1.215000	0.541179
1.216000	0.539633
1.217000	0.545268
1.218000	0.556603
1.219000	0.569226
1.220000	0.585487
1.221000	0.601620
1.222000	0.613534
1.223000	0.622421
1.224000	0.625513
1.225000	0.622937
1.226000	0.613437
1.227000	0.600718
1.228000	0.585841
1.229000	0.568485
1.230000	0.555605
1.231000	0.546234
1.232000	0.540631
1.233000	0.541984
1.234000	0.550066
1.235000	0.561755
1.236000	0.574635
1.237000	0.592153
1.238000	0.607158
1.239000	0.618267
1.240000	0.624804
1.241000	0.626833
1.242000	0.621584
1.243000	0.609895
1.244000	0.597176
1.245000	0.580850
1.246000	0.564911
1.247000	0.553801
1.248000	0.544753
1.249000	0.541726
1.250000	0.545236
1.251000	0.554349
1.252000	0.566649
1.253000	0.581880
1.254000	0.599301
1.255000	0.612568
1.256000	0.622132
1.257000	0.627831
1.258000	0.627187
1.259000	0.618847
1.260000	0.606772
1.261000	0.593891
1.262000	0.576632
1.263000	0.562528
1.264000	0.551386
1.265000	0.544238
1.266000	0.543561
1.267000	0.548327
1.268000	0.559758
1.269000	0.572735
1.270000	0.589448
1.271000	0.605516
1.272000	0.616657
1.273000	0.625609
1.274000	0.629602
1.275000	0.626125
1.276000	0.616303
1.277000	0.604518
1.278000	0.589770
1.279000	0.572768
1.280000	0.559308
1.281000	0.548971
1.282000	0.544689
1.283000	0.545204
1.284000	0.553093
1.285000	0.565619
1.286000	0.578982
1.287000	0.596210
1.288000	0.610378
1.289000	0.621230
1.290000	0.629087
1.291000	0.630085
1.292000	0.624901
1.293000	0.613824
1.294000	0.601555
1.295000	0.584811
1.296000	0.568485
1.297000	0.556699
1.298000	0.548842
1.299000	0.545075
1.300000	0.548102
1.301000	0.558470
1.302000	0.570642
1.303000	0.585455
1.304000	0.602103
1.305000	0.615498
1.306000	0.626286
1.307000	0.630922
1.308000	0.630246
1.309000	0.622840
1.310000	0.611087
1.311000	0.597337
1.312000	0.579884
1.313000	0.565265
1.314000	0.555089
1.315000	0.547844
1.316000	0.546427
1.317000	0.552417
1.318000	0.563397
1.319000	0.575666
1.320000	0.592249
1.321000	0.608478
1.322000	0.620586
1.323000	0.628958
1.324000	0.632790
1.325000	0.630117
1.326000	0.619974
1.327000	0.607770
1.328000	0.592732
1.329000	0.575859
1.330000	0.563075
1.331000	0.552771
1.332000	0.547941
1.333000	0.549132
1.334000	0.556796
1.335000	0.568388
1.336000	0.582074
1.337000	0.599430
1.338000	0.614275
1.339000	0.624901
1.340000	0.632243
1.341000	0.633821
1.342000	0.628507
1.343000	0.617366
1.344000	0.604711
1.345000	0.588321
1.346000	0.572317
1.347000	0.560596
1.348000	0.552159
1.349000	0.548746
1.350000	0.551708
1.351000	0.561691
1.352000	0.573991
1.353000	0.589029
1.354000	0.605870
1.355000	0.619008
1.356000	0.629634
1.357000	0.634529
1.358000	0.633885
1.359000	0.626286
1.360000	0.614564
1.361000	0.600815
1.362000	0.583684
1.363000	0.569065
1.364000	0.558599
1.365000	0.551354
1.366000	0.550227
1.367000	0.555927
1.368000	0.566875
1.369000	0.579498
1.370000	0.595952
1.371000	0.612310
1.372000	0.623999
1.373000	0.632597
1.374000	0.636719
1.375000	0.633692
1.376000	0.623709
1.377000	0.611183
1.378000	0.596500
1.379000	0.579659
1.380000	0.566843
1.381000	0.556345
1.382000	0.551644
1.383000	0.552771
1.384000	0.560306
1.385000	0.572156
1.386000	0.585841
1.387000	0.603230
1.388000	0.617656
1.389000	0.628314
1.390000	0.636042
1.391000	0.637556
1.392000	0.631760
1.393000	0.620908
1.394000	0.608446
1.395000	0.592378
1.396000	0.576149
1.397000	0.564009
1.398000	0.555540
1.399000	0.552449
1.400000	0.555089
1.401000	0.565168
1.402000	0.577984
1.403000	0.592668
1.404000	0.609605
1.405000	0.622260
1.406000	0.633241
1.407000	0.638522
1.408000	0.637202
1.409000	0.630150
1.410000	0.618332
1.411000	0.605130
1.412000	0.587741
1.413000	0.572542
1.414000	0.561884
1.415000	0.555669
1.416000	0.553576
1.417000	0.559501
1.418000	0.570964
1.419000	0.583394
1.420000	0.599366
1.421000	0.615337
1.422000	0.627896
1.423000	0.636847
1.424000	0.639681
1.425000	0.637395
1.426000	0.628218
1.427000	0.615337
1.428000	0.600299
1.429000	0.582879
1.430000	0.569934
1.431000	0.560757
1.432000	0.555025
1.433000	0.556152
1.434000	0.564524
1.435000	0.576020
1.436000	0.588868
1.437000	0.606353
1.438000	0.621455
1.439000	0.632726
1.440000	0.639198
1.441000	0.641484
1.442000	0.636461
1.443000	0.624708
1.444000	0.611860
1.445000	0.595566
1.446000	0.579465
1.447000	0.568388
1.448000	0.559501
1.449000	0.556023
1.450000	0.559887
1.451000	0.568936
1.452000	0.581075
1.453000	0.596049
1.454000	0.613631
1.455000	0.627058
1.456000	0.636783
1.457000	0.642257
1.458000	0.641967
1.459000	0.633885
1.460000	0.621616
1.461000	0.608575
1.462000	0.591476
1.463000	0.577276
1.464000	0.566424
1.465000	0.558953
1.466000	0.558213
1.467000	0.563236
1.468000	0.574345
1.469000	0.587226
1.470000	0.604035
1.471000	0.620039
1.472000	0.631663
1.473000	0.640454
1.474000	0.644447
1.475000	0.641323
1.476000	0.631566
1.477000	0.619523
1.478000	0.605033
1.479000	0.587934
1.480000	0.574732
1.481000	0.564138
1.482000	0.559952
1.483000	0.560435
1.484000	0.568292
1.485000	0.580689
1.486000	0.594117
1.487000	0.611441
1.488000	0.625867
1.489000	0.636815
1.490000	0.644479
1.491000	0.645864
1.492000	0.640937
1.493000	0.629667
1.494000	0.617205
1.495000	0.600718
1.496000	0.584521
1.497000	0.572768
1.498000	0.564685
1.499000	0.560789
1.500000	0.564041
1.501000	0.574088
1.502000	0.586163
1.503000	0.601040
1.504000	0.617978
1.505000	0.631373
1.506000	0.641871
1.507000	0.646830
1.508000	0.646379
1.509000	0.638619
1.510000	0.626865
1.511000	0.613470
1.512000	0.596113
1.513000	0.581591
1.514000	0.571158
1.515000	0.563751
1.516000	0.562592
1.517000	0.568034
1.518000	0.579079
1.519000	0.591895
1.520000	0.608317
1.521000	0.624514
1.522000	0.636139
1.523000	0.645091
1.524000	0.649019
1.525000	0.646121
1.526000	0.636171
1.527000	0.624096
1.528000	0.609251
1.529000	0.592281
1.530000	0.579369
1.531000	0.569032
1.532000	0.564331
1.533000	0.564911
1.534000	0.572993
1.535000	0.584682
1.536000	0.598142
1.537000	0.615241
1.538000	0.630021
1.539000	0.641227
1.540000	0.648569
1.541000	0.649921
1.542000	0.645155
1.543000	0.633821
1.544000	0.621262
1.545000	0.604904
1.546000	0.588514
1.547000	0.577115
1.548000	0.568678
1.549000	0.564911
1.550000	0.568260
1.551000	0.577920
1.552000	0.590317
1.553000	0.605001
1.554000	0.622164
1.555000	0.635720
1.556000	0.646025
1.557000	0.650823
1.558000	0.650823
1.559000	0.643094
1.560000	0.631019
1.561000	0.617591
1.562000	0.600267
1.563000	0.585970
1.564000	0.575408
1.565000	0.567937
1.566000	0.567100
1.567000	0.572381
1.568000	0.583072
1.569000	0.595888
1.570000	0.612310
1.571000	0.628990
1.572000	0.640454
1.573000	0.648923
1.574000	0.653238
1.575000	0.650275
1.576000	0.640068
1.577000	0.627702
1.578000	0.613180
1.579000	0.596339
1.580000	0.583523
1.581000	0.572671
1.582000	0.568002
1.583000	0.568936
1.584000	0.576052
1.585000	0.588256
1.586000	0.601652
1.587000	0.619137
1.588000	0.633563
1.589000	0.643996
1.590000	0.651950
1.591000	0.653270
1.592000	0.647635
1.593000	0.636558
1.594000	0.624257
1.595000	0.608092
1.596000	0.591927
1.597000	0.579626
1.598000	0.570932
1.599000	0.567937
1.600000	0.570256
1.601000	0.580367
1.602000	0.593183
1.603000	0.607706
1.604000	0.624579
1.605000	0.637137
1.606000	0.647989
1.607000	0.653528
1.608000	0.652079
1.609000	0.644930
1.610000	0.633434
1.611000	0.620103
1.612000	0.602650
1.613000	0.587516
1.614000	0.576632
1.615000	0.570288
1.616000	0.567970
1.617000	0.573701
1.618000	0.585423
1.619000	0.597433
1.620000	0.613276
1.621000	0.629409
1.622000	0.641678
1.623000	0.650887
1.624000	0.653753
1.625000	0.651435
1.626000	0.642064
1.627000	0.629345
1.628000	0.614371
1.629000	0.596918
1.630000	0.583716
1.631000	0.574313
1.632000	0.568421
1.633000	0.569387
1.634000	0.577501
1.635000	0.588965
1.636000	0.601426
1.637000	0.618944
1.638000	0.633853
1.639000	0.644866
1.640000	0.651660
1.641000	0.653721
1.642000	0.648665
1.643000	0.636815
1.644000	0.624096
1.645000	0.607609
1.646000	0.591476
1.647000	0.580303
1.648000	0.571254
1.649000	0.567841
1.650000	0.571029
1.651000	0.580399
1.652000	0.592346
1.653000	0.607287
1.654000	0.624708
1.655000	0.637910
1.656000	0.647989
1.657000	0.653560
1.658000	0.652980
1.659000	0.645123
1.660000	0.632919
1.661000	0.619942
1.662000	0.602811
1.663000	0.588224
1.664000	0.577437
1.665000	0.570159
1.666000	0.568743
1.667000	0.573895
1.668000	0.585326
1.669000	0.597659
1.670000	0.614307
1.671000	0.630278
1.672000	0.641967
1.673000	0.651177
1.674000	0.654783
1.675000	0.651853
1.676000	0.642322
1.677000	0.630214
1.678000	0.615434
1.679000	0.598142
1.680000	0.584940
1.681000	0.574861
1.682000	0.569870
1.683000	0.570578
1.684000	0.578693
1.685000	0.590124
1.686000	0.603326
1.687000	0.620747
1.688000	0.635592
1.689000	0.646637
1.690000	0.653882
1.691000	0.655653
1.692000	0.650758
1.693000	0.639263
1.694000	0.626769
1.695000	0.610410
1.696000	0.594052
1.697000	0.582750
1.698000	0.573766
1.699000	0.570481
1.700000	0.573444
1.701000	0.582943
1.702000	0.595179
1.703000	0.610249
1.704000	0.627509
1.705000	0.640647
1.706000	0.650855
1.707000	0.656490
1.708000	0.655621
1.709000	0.647860
1.710000	0.636300
1.711000	0.623130
1.712000	0.605935
1.713000	0.591154
1.714000	0.580109
1.715000	0.573315
1.716000	0.571673
1.717000	0.576954
1.718000	0.588321
1.719000	0.601072
1.720000	0.617495
1.721000	0.633402
1.722000	0.645027
1.723000	0.654590
1.724000	0.658004
1.725000	0.655138
1.726000	0.645896
1.727000	0.633595
1.728000	0.619008
1.729000	0.601459
1.730000	0.588385
1.731000	0.578499
1.732000	0.573379
1.733000	0.573991
1.734000	0.582331
1.735000	0.593924
1.736000	0.606997
1.737000	0.623935
1.738000	0.639069
1.739000	0.650597
1.740000	0.657682
1.741000	0.659163
1.742000	0.654719
1.743000	0.643513
1.744000	0.630633
1.745000	0.614242
1.746000	0.597788
1.747000	0.586646
1.748000	0.578049
1.749000	0.573959
1.750000	0.577823
1.751000	0.587226
1.752000	0.599269
1.753000	0.613856
1.754000	0.631341
1.755000	0.645059
1.756000	0.655331
1.757000	0.660322
1.758000	0.660451
1.759000	0.652851
1.760000	0.640486
1.761000	0.627316
1.762000	0.609960
1.763000	0.595695
1.764000	0.585358
1.765000	0.577469
1.766000	0.576696
1.767000	0.581977
1.768000	0.592571
1.769000	0.605323
1.770000	0.621810
1.771000	0.638715
1.772000	0.650597
1.773000	0.658809
1.774000	0.663284
1.775000	0.660483
1.776000	0.650468
1.777000	0.637910
1.778000	0.623645
1.779000	0.606707
1.780000	0.594052
1.781000	0.583330
1.782000	0.578435
1.783000	0.579562
1.784000	0.586550
1.785000	0.598850
1.786000	0.612310
1.787000	0.629924
1.788000	0.644801
1.789000	0.654977
1.790000	0.663123
1.791000	0.664927
1.792000	0.659324
1.793000	0.648182
1.794000	0.636236
1.795000	0.620135
1.796000	0.603906
1.797000	0.591670
1.798000	0.583040
1.799000	0.580142
1.800000	0.582363
1.801000	0.592442
1.802000	0.605194
1.803000	0.619749
1.804000	0.636847
1.805000	0.649824
1.806000	0.660644
1.807000	0.666118
1.808000	0.664959
1.809000	0.658004
1.810000	0.646379
1.811000	0.633273
1.812000	0.615691
1.813000	0.600750
1.814000	0.590220
1.815000	0.583169
1.816000	0.581236
1.817000	0.586936
1.818000	0.598335
1.819000	0.610604
1.820000	0.626930
1.821000	0.643255
1.822000	0.655331
1.823000	0.664379
1.824000	0.667825
1.825000	0.665506
1.826000	0.655846
1.827000	0.643738
1.828000	0.628668
1.829000	0.611666
1.830000	0.598593
1.831000	0.588353
1.832000	0.583136
1.833000	0.584328
1.834000	0.591734
1.835000	0.603552
1.836000	0.616690
1.837000	0.634432
1.838000	0.649438
1.839000	0.659936
1.840000	0.667728
1.841000	0.669596
1.842000	0.664444
1.843000	0.653367
1.844000	0.640937
1.845000	0.624611
1.846000	0.608446
1.847000	0.596500
1.848000	0.587999
1.849000	0.584457
1.850000	0.587129
1.851000	0.597272
1.852000	0.609444
1.853000	0.624225
1.854000	0.641356
1.855000	0.654526
1.856000	0.665410
1.857000	0.670465
1.858000	0.669918
1.859000	0.662801
1.860000	0.651113
1.861000	0.637588
1.862000	0.620200
1.863000	0.605226
1.864000	0.595051
1.865000	0.587612
1.866000	0.585873
1.867000	0.591895
1.868000	0.602682
1.869000	0.614951
1.870000	0.631341
1.871000	0.647796
1.872000	0.659839
1.873000	0.668694
1.874000	0.672719
1.875000	0.670530
1.876000	0.660515
1.877000	0.648182
1.878000	0.633144
1.879000	0.616271
1.880000	0.603713
1.881000	0.593183
1.882000	0.587773
1.883000	0.589190
1.884000	0.596564
1.885000	0.607802
1.886000	0.621423
1.887000	0.639005
1.888000	0.654268
1.889000	0.664669
1.890000	0.672333
1.891000	0.674684
1.892000	0.669048
1.893000	0.657875
1.894000	0.645284
1.895000	0.629506
1.896000	0.613373
1.897000	0.601716
1.898000	0.592249
1.899000	0.589544
1.900000	0.591895
1.901000	0.601298
1.902000	0.613920
1.903000	0.628990
1.904000	0.646186
1.905000	0.658841
1.906000	0.669274
1.907000	0.675360
1.908000	0.674233
1.909000	0.666537
1.910000	0.655170
1.911000	0.642128
1.912000	0.625094
1.913000	0.609766
1.914000	0.598561
1.915000	0.592120
1.916000	0.590124
1.917000	0.595018
1.918000	0.606385
1.919000	0.619362
1.920000	0.635398
1.921000	0.651274
1.922000	0.663091
1.923000	0.672784
1.924000	0.676101
1.925000	0.673235
1.926000	0.664476
1.927000	0.651918
1.928000	0.637363
1.929000	0.619717
1.930000	0.606321
1.931000	0.596661
1.932000	0.591251
1.933000	0.591605
1.934000	0.599977
1.935000	0.611602
1.936000	0.624482
1.937000	0.641645
1.938000	0.656490
1.939000	0.668276
1.940000	0.675296
1.941000	0.677131
1.942000	0.672687
1.943000	0.661513
1.944000	0.648762
1.945000	0.632533
1.946000	0.616013
1.947000	0.604646
1.948000	0.595856
1.949000	0.592056
1.950000	0.595662
1.951000	0.604840
1.952000	0.616979
1.953000	0.631599
1.954000	0.649148
1.955000	0.662866
1.956000	0.673106
1.957000	0.678516
1.958000	0.678258
1.959000	0.670755
1.960000	0.658519
1.961000	0.645638
1.962000	0.628250
1.963000	0.613856
1.964000	0.603069
1.965000	0.595373
1.966000	0.594149
1.967000	0.599172
1.968000	0.610121
1.969000	0.622776
1.970000	0.639359
1.971000	0.655556
1.972000	0.667567
1.973000	0.676551
1.974000	0.680480
1.975000	0.677711
1.976000	0.668340
1.977000	0.656168
1.978000	0.641613
1.979000	0.624192
1.980000	0.611022
1.981000	0.600750
1.982000	0.595598
1.983000	0.596371
1.984000	0.603906
1.985000	0.615820
1.986000	0.628958
1.987000	0.646347
1.988000	0.661288
1.989000	0.672301
1.990000	0.679932
1.991000	0.681704
1.992000	0.677099
1.993000	0.665539
1.994000	0.653109
1.995000	0.636783
1.996000	0.620522
1.997000	0.608994
1.998000	0.599913
1.999000	0.596403
2.000000	0.599462
2.001000	0.608929
2.002000	0.621069
2.003000	0.636042
2.004000	0.653270
2.005000	0.666988
2.006000	0.676938
2.007000	0.682831
2.008000	0.682380
2.009000	0.674555
2.010000	0.662898
2.011000	0.649953
2.012000	0.632629
2.013000	0.618010
2.014000	0.607062
2.015000	0.599591
2.016000	0.598303
2.017000	0.602972
2.018000	0.614242
2.019000	0.627219
2.020000	0.643642
2.021000	0.659871
2.022000	0.671335
2.023000	0.681124
2.024000	0.684891
2.025000	0.682090
2.026000	0.672558
2.027000	0.660773
2.028000	0.646025
2.029000	0.628958
2.030000	0.615273
2.031000	0.605001
2.032000	0.600203
2.033000	0.600332
2.034000	0.608350
2.035000	0.620264
2.036000	0.633466
2.037000	0.650372
2.038000	0.665539
2.039000	0.676745
2.040000	0.684505
2.041000	0.685664
2.042000	0.681446
2.043000	0.670659
2.044000	0.657843
2.045000	0.641388
2.046000	0.624740
2.047000	0.613244
2.048000	0.604808
2.049000	0.600557
2.050000	0.603680
2.051000	0.613663
2.052000	0.625674
2.053000	0.640035
2.054000	0.657327
2.055000	0.671142
2.056000	0.681865
2.057000	0.686759
2.058000	0.687017
2.059000	0.679771
2.060000	0.667728
2.061000	0.654107
2.062000	0.636944
2.063000	0.622067
2.064000	0.611988
2.065000	0.604099
2.066000	0.602586
2.067000	0.608285
2.068000	0.618622
2.069000	0.631277
2.070000	0.647442
2.071000	0.664669
2.072000	0.676680
2.073000	0.685246
2.074000	0.689400
2.075000	0.687146
2.076000	0.677324
2.077000	0.664605
2.078000	0.650179
2.079000	0.633080
2.080000	0.620457
2.081000	0.609670
2.082000	0.604260
2.083000	0.605484
2.084000	0.612471
2.085000	0.624418
2.086000	0.637781
2.087000	0.655427
2.088000	0.670433
2.089000	0.680802
2.090000	0.688756
2.091000	0.691074
2.092000	0.685600
2.093000	0.674619
2.094000	0.662286
2.095000	0.646379
2.096000	0.630053
2.097000	0.617849
2.098000	0.608865
2.099000	0.605935
2.100000	0.608060
2.101000	0.617720
2.102000	0.630472
2.103000	0.644994
2.104000	0.662479
2.105000	0.675360
2.106000	0.686308
2.107000	0.692008
2.108000	0.691074
2.109000	0.684215
2.110000	0.672494
2.111000	0.659388
2.112000	0.641967
2.113000	0.626769
2.114000	0.616110
2.115000	0.609155
2.116000	0.606933
2.117000	0.612504
2.118000	0.623967
2.119000	0.636075
2.120000	0.652336
2.121000	0.668694
2.122000	0.681059
2.123000	0.690237
2.124000	0.693908
2.125000	0.691686
2.126000	0.682315
2.127000	0.669693
2.128000	0.655170
2.129000	0.637846
2.130000	0.624643
2.131000	0.614597
2.132000	0.609187
2.133000	0.610088
2.134000	0.617366
2.135000	0.629151
2.136000	0.642322
2.137000	0.659839
2.138000	0.674909
2.139000	0.685729
2.140000	0.693618
2.141000	0.695647
2.142000	0.690688
2.143000	0.679482
2.144000	0.667084
2.145000	0.650951
2.146000	0.634690
2.147000	0.622582
2.148000	0.613888
2.149000	0.610153
2.150000	0.612793
2.151000	0.622776
2.152000	0.634883
2.153000	0.649728
2.154000	0.666666
2.155000	0.680093
2.156000	0.691138
2.157000	0.696452
2.158000	0.695936
2.159000	0.689142
2.160000	0.677195
2.161000	0.663993
2.162000	0.646572
2.163000	0.631373
2.164000	0.621166
2.165000	0.613663
2.166000	0.611731
2.167000	0.617366
2.168000	0.628314
2.169000	0.640486
2.170000	0.656780
2.171000	0.673331
2.172000	0.685922
2.173000	0.694681
2.174000	0.698577
2.175000	0.696774
2.176000	0.686856
2.177000	0.674233
2.178000	0.659453
2.179000	0.642547
2.180000	0.629602
2.181000	0.619298
2.182000	0.613566
2.183000	0.614758
2.184000	0.621906
2.185000	0.633209
2.186000	0.646862
2.187000	0.664283
2.188000	0.679739
2.189000	0.690140
2.190000	0.697643
2.191000	0.700284
2.192000	0.694970
2.193000	0.683539
2.194000	0.671109
2.195000	0.655170
2.196000	0.638908
2.197000	0.627026
2.198000	0.617334
2.199000	0.614468
2.200000	0.616561
2.201000	0.626125
2.202000	0.638747
2.203000	0.653785
2.204000	0.670755
2.205000	0.683636
2.206000	0.694004
2.207000	0.700412
2.208000	0.699414
2.209000	0.691782
2.210000	0.680351
2.211000	0.667471
2.212000	0.650307
2.213000	0.634883
2.214000	0.623645
2.215000	0.616754
2.216000	0.614597
2.217000	0.619556
2.218000	0.630826
2.219000	0.643642
2.220000	0.659453
2.221000	0.675553
2.222000	0.687500
2.223000	0.697579
2.224000	0.700638
2.225000	0.698158
2.226000	0.688949
2.227000	0.676841
2.228000	0.662157
2.229000	0.644350
2.230000	0.630922
2.231000	0.620908
2.232000	0.615337
2.233000	0.615530
2.234000	0.623613
2.235000	0.635141
2.236000	0.647989
2.237000	0.664991
2.238000	0.680448
2.239000	0.691750
2.240000	0.698963
2.241000	0.700831
2.242000	0.696419
2.243000	0.685213
2.244000	0.672301
2.245000	0.656007
2.246000	0.639359
2.247000	0.627863
2.248000	0.618847
2.249000	0.614983
2.250000	0.618074
2.251000	0.627219
2.252000	0.639327
2.253000	0.653882
2.254000	0.671528
2.255000	0.685117
2.256000	0.695357
2.257000	0.701024
2.258000	0.700928
2.259000	0.693360
2.260000	0.681285
2.261000	0.668372
2.262000	0.650951
2.263000	0.636300
2.264000	0.625352
2.265000	0.617656
2.266000	0.616078
2.267000	0.620876
2.268000	0.631921
2.269000	0.644705
2.270000	0.660869
2.271000	0.677324
2.272000	0.689206
2.273000	0.698609
2.274000	0.702505
2.275000	0.699929
2.276000	0.690591
2.277000	0.678419
2.278000	0.663800
2.279000	0.646411
2.280000	0.633048
2.281000	0.622711
2.282000	0.617301
2.283000	0.617945
2.284000	0.625384
2.285000	0.637266
2.286000	0.650050
2.287000	0.667342
2.288000	0.682670
2.289000	0.693618
2.290000	0.701185
2.291000	0.703407
2.292000	0.698802
2.293000	0.687274
2.294000	0.674973
2.295000	0.658487
2.296000	0.642483
2.297000	0.630536
2.298000	0.621262
2.299000	0.617720
2.300000	0.620554
2.301000	0.629731
2.302000	0.641967
2.303000	0.656619
2.304000	0.674233
2.305000	0.687757
2.306000	0.697836
2.307000	0.703858
2.308000	0.703375
2.309000	0.695936
2.310000	0.684376
2.311000	0.671335
2.312000	0.654236
2.313000	0.639102
2.314000	0.627831
2.315000	0.620650
2.316000	0.619040
2.317000	0.623355
2.318000	0.635044
2.319000	0.647764
2.320000	0.663929
2.321000	0.680061
2.322000	0.691847
2.323000	0.701733
2.324000	0.705500
2.325000	0.702570
2.326000	0.693618
2.327000	0.681736
2.328000	0.666859
2.329000	0.649824
2.330000	0.635656
2.331000	0.625738
2.332000	0.620650
2.333000	0.620522
2.334000	0.628443
2.335000	0.640518
2.336000	0.653302
2.337000	0.670240
2.338000	0.685342
2.339000	0.696774
2.340000	0.704631
2.341000	0.705951
2.342000	0.701765
2.343000	0.691042
2.344000	0.678097
2.345000	0.661739
2.346000	0.644833
2.347000	0.633209
2.348000	0.624675
2.349000	0.620232
2.350000	0.623387
2.351000	0.633144
2.352000	0.644866
2.353000	0.659195
2.354000	0.676390
2.355000	0.690527
2.356000	0.701250
2.357000	0.706144
2.358000	0.706466
2.359000	0.699414
2.360000	0.687274
2.361000	0.673718
2.362000	0.656683
2.363000	0.641517
2.364000	0.631341
2.365000	0.623226
2.366000	0.621745
2.367000	0.626897
2.368000	0.637395
2.369000	0.649760
2.370000	0.666150
2.371000	0.683217
2.372000	0.695357
2.373000	0.704180
2.374000	0.708398
2.375000	0.706176
2.376000	0.696419
2.377000	0.683958
2.378000	0.669596
2.379000	0.652497
2.380000	0.639263
2.381000	0.628507
2.382000	0.623098
2.383000	0.623838
2.384000	0.630922
2.385000	0.642772
2.386000	0.656232
2.387000	0.673557
2.388000	0.688595
2.389000	0.699253
2.390000	0.707303
2.391000	0.709364
2.392000	0.704438
2.393000	0.693618
2.394000	0.681092
2.395000	0.665249
2.396000	0.648440
2.397000	0.636300
2.398000	0.627380
2.399000	0.623870
2.400000	0.626318
2.401000	0.635978
2.402000	0.648279
2.403000	0.662834
2.404000	0.679997
2.405000	0.693425
2.406000	0.704405
2.407000	0.710008
2.408000	0.709815
2.409000	0.702699
2.410000	0.690623
2.411000	0.677678
2.412000	0.660322
2.413000	0.645252
2.414000	0.634690
2.415000	0.626930
2.416000	0.625062
2.417000	0.630246
2.418000	0.641066
2.419000	0.653495
2.420000	0.669821
2.421000	0.686405
2.422000	0.698545
2.423000	0.707851
2.424000	0.711940
2.425000	0.709332
2.426000	0.699994
2.427000	0.687725
2.428000	0.673589
2.429000	0.656200
2.430000	0.642805
2.431000	0.632050
2.432000	0.627026
2.433000	0.627316
2.434000	0.634593
2.435000	0.646572
2.436000	0.659775
2.437000	0.677034
2.438000	0.691976
2.439000	0.703117
2.440000	0.711264
2.441000	0.712906
2.442000	0.708334
2.443000	0.697611
2.444000	0.685278
2.445000	0.668984
2.446000	0.652175
2.447000	0.640068
2.448000	0.631663
2.449000	0.627445
2.450000	0.630053
2.451000	0.640003
2.452000	0.652079
2.453000	0.666344
2.454000	0.683442
2.455000	0.697418
2.456000	0.708624
2.457000	0.713550
2.458000	0.713583
2.459000	0.706949
2.460000	0.694906
2.461000	0.681575
2.462000	0.663993
2.463000	0.648955
2.464000	0.638844
2.465000	0.631083
2.466000	0.628829
2.467000	0.634593
2.468000	0.645123
2.469000	0.657488
2.470000	0.673653
2.471000	0.690494
2.472000	0.703246
2.473000	0.711876
2.474000	0.716094
2.475000	0.714452
2.476000	0.704438
2.477000	0.691911
2.478000	0.677453
2.479000	0.660386
2.480000	0.647603
2.481000	0.637137
2.482000	0.631116
2.483000	0.632436
2.484000	0.639230
2.485000	0.650694
2.486000	0.664122
2.487000	0.681639
2.488000	0.697514
2.489000	0.707947
2.490000	0.715644
2.491000	0.718445
2.492000	0.713261
2.493000	0.701926
2.494000	0.689979
2.495000	0.674007
2.496000	0.657810
2.497000	0.645671
2.498000	0.636010
2.499000	0.633048
2.500000	0.635173
2.501000	0.644447
2.502000	0.657327
2.503000	0.672140
2.504000	0.689271
2.505000	0.702699
2.506000	0.713196
2.507000	0.719540
2.508000	0.718896
2.509000	0.711779
2.510000	0.700445
2.511000	0.687661
2.512000	0.670433
2.513000	0.655041
2.514000	0.643771
2.515000	0.637008
2.516000	0.634883
2.517000	0.639713
2.518000	0.651113
2.519000	0.663735
2.520000	0.679610
2.521000	0.696226
2.522000	0.708559
2.523000	0.718123
2.524000	0.721697
2.525000	0.719797
2.526000	0.710556
2.527000	0.698319
2.528000	0.683636
2.529000	0.666311
2.530000	0.652884
2.531000	0.642805
2.532000	0.637008
2.533000	0.637685
2.534000	0.644994
2.535000	0.656812
2.536000	0.669693
2.537000	0.686888
2.538000	0.702602
2.539000	0.713357
2.540000	0.721150
2.541000	0.723565
2.542000	0.718799
2.543000	0.707786
2.544000	0.695486
2.545000	0.679385
2.546000	0.662898
2.547000	0.650823
2.548000	0.641549
2.549000	0.638168
2.550000	0.640551
2.551000	0.650050
2.552000	0.662415
2.553000	0.676970
2.554000	0.694262
2.555000	0.707722
2.556000	0.718606
2.557000	0.724628
2.558000	0.724112
2.559000	0.717254
2.560000	0.705629
2.561000	0.692523
2.562000	0.675263
2.563000	0.659807
2.564000	0.649180
2.565000	0.641967
2.566000	0.639681
2.567000	0.644833
2.568000	0.656007
2.569000	0.668147
2.570000	0.684151
2.571000	0.700895
2.572000	0.713454
2.573000	0.722889
2.574000	0.726560
2.575000	0.724821
2.576000	0.715708
2.577000	0.703214
2.578000	0.688434
2.579000	0.671238
2.580000	0.657971
2.581000	0.647828
2.582000	0.641871
2.583000	0.642837
2.584000	0.649921
2.585000	0.661546
2.586000	0.674555
2.587000	0.692233
2.588000	0.707851
2.589000	0.718735
2.590000	0.726173
2.591000	0.729265
2.592000	0.724306
2.593000	0.713035
2.594000	0.700541
2.595000	0.684569
2.596000	0.668404
2.597000	0.656619
2.598000	0.646830
2.599000	0.643867
2.600000	0.646282
2.601000	0.655234
2.602000	0.667664
2.603000	0.682702
2.604000	0.700316
2.605000	0.713583
2.606000	0.723790
2.607000	0.730488
2.608000	0.730037
2.609000	0.722631
2.610000	0.711135
2.611000	0.698352
2.612000	0.681543
2.613000	0.666247
2.614000	0.654848
2.615000	0.647699
2.616000	0.645799
2.617000	0.650146
2.618000	0.661739
2.619000	0.674555
2.620000	0.690881
2.621000	0.707014
2.622000	0.718831
2.623000	0.729071
2.624000	0.733032
2.625000	0.730263
2.626000	0.721536
2.627000	0.709686
2.628000	0.695325
2.629000	0.677936
2.630000	0.663961
2.631000	0.653624
2.632000	0.648730
2.633000	0.648504
2.634000	0.656329
2.635000	0.668276
2.636000	0.681059
2.637000	0.698158
2.638000	0.713293
2.639000	0.725014
2.640000	0.733032
2.641000	0.734610
2.642000	0.730746
2.643000	0.720087
2.644000	0.707271
2.645000	0.691042
2.646000	0.674233
2.647000	0.662447
2.648000	0.653882
2.649000	0.649406
2.650000	0.652465
2.651000	0.662029
2.652000	0.673911
2.653000	0.688208
2.654000	0.705468
2.655000	0.719669
2.656000	0.730520
2.657000	0.735834
2.658000	0.736285
2.659000	0.729426
2.660000	0.717254
2.661000	0.704148
2.662000	0.686823
2.663000	0.671753
2.664000	0.661320
2.665000	0.653334
2.666000	0.651563
2.667000	0.656619
2.668000	0.667149
2.669000	0.679643
2.670000	0.696097
2.671000	0.712874
2.672000	0.724982
2.673000	0.734127
2.674000	0.738635
2.675000	0.736349
2.676000	0.726817
2.677000	0.714420
2.678000	0.700187
2.679000	0.683088
2.680000	0.669628
2.681000	0.659002
2.682000	0.653624
2.683000	0.653882
2.684000	0.660998
2.685000	0.672719
2.686000	0.685890
2.687000	0.703149
2.688000	0.718413
2.689000	0.729361
2.690000	0.737315
2.691000	0.739408
2.692000	0.734932
2.693000	0.723951
2.694000	0.711522
2.695000	0.695421
2.696000	0.678612
2.697000	0.666633
2.698000	0.657521
2.699000	0.653528
2.700000	0.656168
2.701000	0.665345
2.702000	0.677582
2.703000	0.691976
2.704000	0.709203
2.705000	0.723243
2.706000	0.733612
2.707000	0.739408
2.708000	0.739472
2.709000	0.732292
2.710000	0.720345
2.711000	0.707432
2.712000	0.690205
2.713000	0.675038
2.714000	0.664122
2.715000	0.656232
2.716000	0.654558
2.717000	0.659002
2.718000	0.669789
2.719000	0.682412
2.720000	0.698577
2.721000	0.715450
2.722000	0.727526
2.723000	0.736832
2.724000	0.741083
2.725000	0.738410
2.726000	0.729071
2.727000	0.717125
2.728000	0.702827
2.729000	0.685568
2.730000	0.671753
2.731000	0.660966
2.732000	0.655910
2.733000	0.655717
2.734000	0.662930
2.735000	0.675070
2.736000	0.688079
2.737000	0.705243
2.738000	0.720281
2.739000	0.731197
2.740000	0.739505
2.741000	0.741276
2.742000	0.736993
2.743000	0.726206
2.744000	0.713872
2.745000	0.697643
2.746000	0.680609
2.747000	0.668404
2.748000	0.659807
2.749000	0.655556
2.750000	0.657971
2.751000	0.667696
2.752000	0.679707
2.753000	0.693876
2.754000	0.710974
2.755000	0.724917
2.756000	0.736027
2.757000	0.741276
2.758000	0.741179
2.759000	0.734771
2.760000	0.722824
2.761000	0.709525
2.762000	0.691911
2.763000	0.676680
2.764000	0.666472
2.765000	0.658487
2.766000	0.656007
2.767000	0.661481
2.768000	0.672043
2.769000	0.684086
2.770000	0.700187
2.771000	0.717093
2.772000	0.729587
2.773000	0.738667
2.774000	0.742467
2.775000	0.740986
2.776000	0.731261
2.777000	0.718831
2.778000	0.704051
2.779000	0.686888
2.780000	0.673814
2.781000	0.663188
2.782000	0.657102
2.783000	0.658358
2.784000	0.664927
2.785000	0.676165
2.786000	0.689528
2.787000	0.706853
2.788000	0.722663
2.789000	0.733032
2.790000	0.740760
2.791000	0.743755
2.792000	0.738732
2.793000	0.727622
2.794000	0.715064
2.795000	0.699157
2.796000	0.682863
2.797000	0.670723
2.798000	0.660837
2.799000	0.657778
2.800000	0.659678
2.801000	0.668598
2.802000	0.681253
2.803000	0.695969
2.804000	0.713132
2.805000	0.726431
2.806000	0.736832
2.807000	0.743304
2.808000	0.742854
2.809000	0.735576
2.810000	0.724273
2.811000	0.711296
2.812000	0.694359
2.813000	0.678644
2.814000	0.667310
2.815000	0.660225
2.816000	0.657875
2.817000	0.662479
2.818000	0.673718
2.819000	0.686405
2.820000	0.702151
2.821000	0.718542
2.822000	0.730553
2.823000	0.740632
2.824000	0.744238
2.825000	0.741984
2.826000	0.733129
2.827000	0.720796
2.828000	0.706305
2.829000	0.688884
2.830000	0.675167
2.831000	0.665088
2.832000	0.659259
2.833000	0.659485
2.834000	0.666891
2.835000	0.678451
2.836000	0.691138
2.837000	0.708205
2.838000	0.723790
2.839000	0.735125
2.840000	0.742725
2.841000	0.745075
2.842000	0.740696
2.843000	0.729812
2.844000	0.717093
2.845000	0.701089
2.846000	0.684537
2.847000	0.672494
2.848000	0.663123
2.849000	0.659356
2.850000	0.661932
2.851000	0.670948
2.852000	0.683281
2.853000	0.697675
2.854000	0.715161
2.855000	0.728653
2.856000	0.739247
2.857000	0.745462
2.858000	0.745108
2.859000	0.738345
2.860000	0.726495
2.861000	0.713711
2.862000	0.696516
2.863000	0.681027
2.864000	0.669950
2.865000	0.662608
2.866000	0.660225
2.867000	0.665023
2.868000	0.676133
2.869000	0.688337
2.870000	0.704373
2.871000	0.720828
2.872000	0.733386
2.873000	0.742950
2.874000	0.746525
2.875000	0.744721
2.876000	0.735802
2.877000	0.723211
2.878000	0.708720
2.879000	0.691203
2.880000	0.677678
2.881000	0.667728
2.882000	0.661449
2.883000	0.661900
2.884000	0.669242
2.885000	0.680705
2.886000	0.693457
2.887000	0.710813
2.888000	0.726367
2.889000	0.737379
2.890000	0.744689
2.891000	0.747845
2.892000	0.743401
2.893000	0.731905
2.894000	0.719411
2.895000	0.703375
2.896000	0.686920
2.897000	0.675263
2.898000	0.665378
2.899000	0.661835
2.900000	0.664283
2.901000	0.673041
2.902000	0.685213
2.903000	0.699994
2.904000	0.717511
2.905000	0.731229
2.906000	0.741179
2.907000	0.747813
2.908000	0.747652
2.909000	0.740149
2.910000	0.728363
2.911000	0.715644
2.912000	0.698641
2.913000	0.683539
2.914000	0.672236
2.915000	0.664379
2.916000	0.662640
2.917000	0.666633
2.918000	0.677743
2.919000	0.690462
2.920000	0.706756
2.921000	0.722921
2.922000	0.734707
2.923000	0.744753
2.924000	0.748875
2.925000	0.746138
2.926000	0.737025
2.927000	0.725336
2.928000	0.711135
2.929000	0.693682
2.930000	0.679578
2.931000	0.668759
2.932000	0.663864
2.933000	0.663252
2.934000	0.670498
2.935000	0.682637
2.936000	0.695647
2.937000	0.712423
2.938000	0.727461
2.939000	0.738764
2.940000	0.747201
2.941000	0.748779
2.942000	0.744657
2.943000	0.733998
2.944000	0.721633
2.945000	0.705339
2.946000	0.688401
2.947000	0.676133
2.948000	0.667438
2.949000	0.663123
2.950000	0.665442
2.951000	0.675102
2.952000	0.686920
2.953000	0.700992
2.954000	0.718187
2.955000	0.732098
2.956000	0.743369
2.957000	0.748553
2.958000	0.748682
2.959000	0.742242
2.960000	0.730263
2.961000	0.716932
2.962000	0.699479
2.963000	0.684215
2.964000	0.673943
2.965000	0.665893
2.966000	0.663381
2.967000	0.668598
2.968000	0.679063
2.969000	0.691299
2.970000	0.707368
2.971000	0.724241
2.972000	0.736703
2.973000	0.745719
2.974000	0.750131
2.975000	0.748328
2.976000	0.738603
2.977000	0.726302
2.978000	0.712037
2.979000	0.694745
2.980000	0.681510
2.981000	0.670723
2.982000	0.664830
2.983000	0.665442
2.984000	0.672172
2.985000	0.683764
2.986000	0.696999
2.987000	0.714162
2.988000	0.729715
2.989000	0.740503
2.990000	0.748618
2.991000	0.751033
2.992000	0.746364
2.993000	0.735512
2.994000	0.723082
2.995000	0.707303
2.996000	0.690623
2.997000	0.678419
2.998000	0.668984
2.999000	0.665249
3.000000	0.667310
3.001000	0.676551
3.002000	0.689045
3.003000	0.703246
3.004000	0.720345
3.005000	0.734095
3.006000	0.744882
3.007000	0.750775
3.008000	0.750807
3.009000	0.744045
3.010000	0.732356
3.011000	0.719282
3.012000	0.702151
3.013000	0.686534
3.014000	0.675650
3.015000	0.667986
3.016000	0.665796
3.017000	0.670498
3.018000	0.681156
3.019000	0.693618
3.020000	0.709525
3.021000	0.726495
3.022000	0.738861
3.023000	0.748102
3.024000	0.752417
3.025000	0.750292
3.026000	0.741050
3.027000	0.728588
3.028000	0.714452
3.029000	0.697192
3.030000	0.683539
3.031000	0.672848
3.032000	0.667310
3.033000	0.667406
3.034000	0.674040
3.035000	0.686051
3.036000	0.699060
3.037000	0.716223
3.038000	0.731551
3.039000	0.742435
3.040000	0.750807
3.041000	0.752933
3.042000	0.748328
3.043000	0.737798
3.044000	0.725433
3.045000	0.709622
3.046000	0.692652
3.047000	0.680061
3.048000	0.671142
3.049000	0.667181
3.050000	0.669177
3.051000	0.678870
3.052000	0.691203
3.053000	0.705275
3.054000	0.722213
3.055000	0.735930
3.056000	0.747136
3.057000	0.753094
3.058000	0.752772
3.059000	0.746525
3.060000	0.734674
3.061000	0.721569
3.062000	0.704180
3.063000	0.688434
3.064000	0.678033
3.065000	0.670337
3.066000	0.667632
3.067000	0.672913
3.068000	0.683636
3.069000	0.695518
3.070000	0.711329
3.071000	0.728299
3.072000	0.741115
3.073000	0.750453
3.074000	0.754027
3.075000	0.752836
3.076000	0.743562
3.077000	0.730746
3.078000	0.716384
3.079000	0.698963
3.080000	0.685696
3.081000	0.675521
3.082000	0.668920
3.083000	0.669854
3.084000	0.676680
3.085000	0.687854
3.086000	0.700702
3.087000	0.718155
3.088000	0.734095
3.089000	0.744850
3.090000	0.752256
3.091000	0.755476
3.092000	0.751065
3.093000	0.739633
3.094000	0.727300
3.095000	0.711393
3.096000	0.694970
3.097000	0.683024
3.098000	0.672945
3.099000	0.669725
3.100000	0.671786
3.101000	0.680448
3.102000	0.692877
3.103000	0.707561
3.104000	0.725111
3.105000	0.738635
3.106000	0.748682
3.107000	0.755509
3.108000	0.755283
3.109000	0.748038
3.110000	0.736381
3.111000	0.723726
3.112000	0.706853
3.113000	0.691332
3.114000	0.679900
3.115000	0.672430
3.116000	0.670240
3.117000	0.674362
3.118000	0.685696
3.119000	0.698319
3.120000	0.714194
3.121000	0.730585
3.122000	0.742564
3.123000	0.752707
3.124000	0.756700
3.125000	0.754285
3.126000	0.745526
3.127000	0.733612
3.128000	0.719121
3.129000	0.701765
3.130000	0.687596
3.131000	0.677356
3.132000	0.671882
3.133000	0.671464
3.134000	0.678934
3.135000	0.690462
3.136000	0.703310
3.137000	0.720216
3.138000	0.735673
3.139000	0.747040
3.140000	0.755154
3.141000	0.757344
3.142000	0.753383
3.143000	0.742371
3.144000	0.729780
3.145000	0.713679
3.146000	0.697031
3.147000	0.685181
3.148000	0.675714
3.149000	0.671592
3.150000	0.674007
3.151000	0.683056
3.152000	0.695003
3.153000	0.709300
3.154000	0.726721
3.155000	0.740632
3.156000	0.751355
3.157000	0.757248
3.158000	0.757344
3.159000	0.750550
3.160000	0.738828
3.161000	0.725787
3.162000	0.708817
3.163000	0.693328
3.164000	0.682122
3.165000	0.674362
3.166000	0.672269
3.167000	0.676712
3.168000	0.687532
3.169000	0.700123
3.170000	0.716030
3.171000	0.732581
3.172000	0.744786
3.173000	0.754607
3.174000	0.758536
3.175000	0.756636
3.176000	0.747780
3.177000	0.735318
3.178000	0.721021
3.179000	0.703504
3.180000	0.689689
3.181000	0.679578
3.182000	0.673492
3.183000	0.673557
3.184000	0.680770
3.185000	0.692072
3.186000	0.704953
3.187000	0.721858
3.188000	0.737798
3.189000	0.749133
3.190000	0.756507
3.191000	0.759308
3.192000	0.755187
3.193000	0.744109
3.194000	0.731261
3.195000	0.715515
3.196000	0.698802
3.197000	0.687081
3.198000	0.677260
3.199000	0.673138
3.200000	0.676004
3.201000	0.684473
3.202000	0.696774
3.203000	0.711039
3.204000	0.728749
3.205000	0.742596
3.206000	0.752643
3.207000	0.759212
3.208000	0.759630
3.209000	0.752321
3.210000	0.740342
3.211000	0.727783
3.212000	0.710878
3.213000	0.695614
3.214000	0.684215
3.215000	0.676165
3.216000	0.674684
3.217000	0.678516
3.218000	0.689206
3.219000	0.702055
3.220000	0.718187
3.221000	0.734835
3.222000	0.746653
3.223000	0.756410
3.224000	0.761047
3.225000	0.758278
3.226000	0.749423
3.227000	0.737315
3.228000	0.723501
3.229000	0.706015
3.230000	0.691976
3.231000	0.681188
3.232000	0.675940
3.233000	0.675360
3.234000	0.682122
3.235000	0.694616
3.236000	0.707432
3.237000	0.724370
3.238000	0.739472
3.239000	0.750485
3.240000	0.759212
3.241000	0.761047
3.242000	0.756990
3.243000	0.746492
3.244000	0.734288
3.245000	0.718123
3.246000	0.701089
3.247000	0.688401
3.248000	0.679739
3.249000	0.675521
3.250000	0.677421
3.251000	0.687113
3.252000	0.699189
3.253000	0.713003
3.254000	0.730134
3.255000	0.744206
3.256000	0.755348
3.257000	0.761112
3.258000	0.761176
3.259000	0.755058
3.260000	0.742950
3.261000	0.729876
3.262000	0.712520
3.263000	0.696902
3.264000	0.686662
3.265000	0.678580
3.266000	0.675940
3.267000	0.680995
3.268000	0.691557
3.269000	0.703407
3.270000	0.719443
3.271000	0.736317
3.272000	0.749229
3.273000	0.758407
3.274000	0.762496
3.275000	0.761047
3.276000	0.751580
3.277000	0.739247
3.278000	0.724982
3.279000	0.707786
3.280000	0.694198
3.281000	0.683603
3.282000	0.677485
3.283000	0.677968
3.284000	0.684408
3.285000	0.695904
3.286000	0.709107
3.287000	0.726367
3.288000	0.742145
3.289000	0.752868
3.290000	0.761015
3.291000	0.763656
3.292000	0.759244
3.293000	0.748360
3.294000	0.736027
3.295000	0.720120
3.296000	0.703568
3.297000	0.691138
3.298000	0.681510
3.299000	0.678033
3.300000	0.679707
3.301000	0.688981
3.302000	0.701024
3.303000	0.715515
3.304000	0.732549
3.305000	0.746525
3.306000	0.757312
3.307000	0.763205
3.308000	0.763430
3.309000	0.756829
3.310000	0.745301
3.311000	0.732066
3.312000	0.715064
3.313000	0.699221
3.314000	0.688401
3.315000	0.680544
3.316000	0.678097
3.317000	0.682798
3.318000	0.693457
3.319000	0.705887
3.320000	0.721697
3.321000	0.738603
3.322000	0.750936
3.323000	0.760371
3.324000	0.764783
3.325000	0.762947
3.326000	0.753673
3.327000	0.741405
3.328000	0.727107
3.329000	0.709976
3.330000	0.696194
3.331000	0.685310
3.332000	0.679578
3.333000	0.679771
3.334000	0.686340
3.335000	0.697868
3.336000	0.711071
3.337000	0.727977
3.338000	0.743594
3.339000	0.754317
3.340000	0.762786
3.341000	0.765105
3.342000	0.760564
3.343000	0.750099
3.344000	0.737701
3.345000	0.721891
3.346000	0.704888
3.347000	0.692265
3.348000	0.682992
3.349000	0.679095
3.350000	0.680673
3.351000	0.690011
3.352000	0.702538
3.353000	0.716513
3.354000	0.733483
3.355000	0.747104
3.356000	0.758439
3.357000	0.764396
3.358000	0.764171
3.359000	0.758053
3.360000	0.746492
3.361000	0.733322
3.362000	0.716062
3.363000	0.699897
3.364000	0.689110
3.365000	0.681671
3.366000	0.678644
3.367000	0.683636
3.368000	0.694455
3.369000	0.706531
3.370000	0.721891
3.371000	0.738828
3.372000	0.751709
3.373000	0.761402
3.374000	0.764944
3.375000	0.763720
3.376000	0.754736
3.377000	0.741952
3.378000	0.727558
3.379000	0.710073
3.380000	0.696452
3.381000	0.686566
3.382000	0.679836
3.383000	0.680190
3.384000	0.687210
3.385000	0.698287
3.386000	0.710974
3.387000	0.728041
3.388000	0.744399
3.389000	0.755509
3.390000	0.762690
3.391000	0.765910
3.392000	0.761917
3.393000	0.750550
3.394000	0.737766
3.395000	0.722084
3.396000	0.705468
3.397000	0.693682
3.398000	0.683700
3.399000	0.679643
3.400000	0.682187
3.401000	0.690623
3.402000	0.702795
3.403000	0.717189
3.404000	0.734932
3.405000	0.748779
3.406000	0.758825
3.407000	0.765491
3.408000	0.765781
3.409000	0.758664
3.410000	0.746847
3.411000	0.734224
3.412000	0.717479
3.413000	0.701894
3.414000	0.690559
3.415000	0.682476
3.416000	0.680802
3.417000	0.684408
3.418000	0.695260
3.419000	0.707980
3.420000	0.723984
3.421000	0.740599
3.422000	0.752578
3.423000	0.762561
3.424000	0.766747
3.425000	0.764428
3.426000	0.755670
3.427000	0.743787
3.428000	0.729748
3.429000	0.712262
3.430000	0.697965
3.431000	0.687339
3.432000	0.681865
3.433000	0.681221
3.434000	0.688176
3.435000	0.700284
3.436000	0.712874
3.437000	0.729812
3.438000	0.745204
3.439000	0.756539
3.440000	0.764718
3.441000	0.766940
3.442000	0.763140
3.443000	0.752578
3.444000	0.740116
3.445000	0.724016
3.446000	0.706853
3.447000	0.694648
3.448000	0.685503
3.449000	0.681221
3.450000	0.683378
3.451000	0.692587
3.452000	0.704341
3.453000	0.718509
3.454000	0.735930
3.455000	0.750067
3.456000	0.760693
3.457000	0.766844
3.458000	0.767198
3.459000	0.760532
3.460000	0.748489
3.461000	0.735673
3.462000	0.718638
3.463000	0.703085
3.464000	0.692330
3.465000	0.684151
3.466000	0.681832
3.467000	0.686115
3.468000	0.696902
3.469000	0.709171
3.470000	0.725175
3.471000	0.741823
3.472000	0.754156
3.473000	0.764010
3.474000	0.768099
3.475000	0.766296
3.476000	0.757409
3.477000	0.745333
3.478000	0.731036
3.479000	0.713615
3.480000	0.699479
3.481000	0.689271
3.482000	0.683217
3.483000	0.683056
3.484000	0.689979
3.485000	0.701572
3.486000	0.714291
3.487000	0.731165
3.488000	0.746814
3.489000	0.758342
3.490000	0.766328
3.491000	0.768872
3.492000	0.765040
3.493000	0.754188
3.494000	0.741533
3.495000	0.725529
3.496000	0.708624
3.497000	0.696870
3.498000	0.687242
3.499000	0.682992
3.500000	0.685503
3.501000	0.694133
3.502000	0.705854
3.503000	0.720216
3.504000	0.737734
3.505000	0.752160
3.506000	0.762529
3.507000	0.768518
3.508000	0.769355
3.509000	0.762303
3.510000	0.750356
3.511000	0.737347
3.512000	0.720570
3.513000	0.705146
3.514000	0.694133
3.515000	0.685696
3.516000	0.684086
3.517000	0.687854
3.518000	0.698255
3.519000	0.711168
3.520000	0.727365
3.521000	0.744174
3.522000	0.756024
3.523000	0.765491
3.524000	0.770643
3.525000	0.768228
3.526000	0.759051
3.527000	0.747265
3.528000	0.733386
3.529000	0.716191
3.530000	0.702055
3.531000	0.690881
3.532000	0.685793
3.533000	0.685052
3.534000	0.691589
3.535000	0.703729
3.536000	0.716996
3.537000	0.733773
3.538000	0.749165
3.539000	0.760113
3.540000	0.768969
3.541000	0.771062
3.542000	0.766747
3.543000	0.756539
3.544000	0.744270
3.545000	0.728492
3.546000	0.711296
3.547000	0.698513
3.548000	0.689496
3.549000	0.685278
3.550000	0.686952
3.551000	0.696548
3.552000	0.709010
3.553000	0.722567
3.554000	0.739666
3.555000	0.753641
3.556000	0.764911
3.557000	0.770901
3.558000	0.770869
3.559000	0.764976
3.560000	0.753222
3.561000	0.740213
3.562000	0.723082
3.563000	0.707078
3.564000	0.696194
3.565000	0.688627
3.566000	0.685761
3.567000	0.690655
3.568000	0.701121
3.569000	0.713293
3.570000	0.728782
3.571000	0.745913
3.572000	0.758825
3.573000	0.768389
3.574000	0.772382
3.575000	0.771126
3.576000	0.762207
3.577000	0.749390
3.578000	0.735447
3.579000	0.717994
3.580000	0.704438
3.581000	0.693843
3.582000	0.687371
3.583000	0.687661
3.584000	0.694101
3.585000	0.705790
3.586000	0.718574
3.587000	0.735802
3.588000	0.751709
3.589000	0.762561
3.590000	0.770611
3.591000	0.773574
3.592000	0.769323
3.593000	0.758439
3.594000	0.746364
3.595000	0.730520
3.596000	0.713711
3.597000	0.701153
3.598000	0.691589
3.599000	0.687790
3.600000	0.689528
3.601000	0.698609
3.602000	0.710974
3.603000	0.724950
3.604000	0.742274
3.605000	0.756249
3.606000	0.766972
3.607000	0.773348
3.608000	0.773606
3.609000	0.767262
3.610000	0.755283
3.611000	0.742435
3.612000	0.725304
3.613000	0.709622
3.614000	0.698899
3.615000	0.690784
3.616000	0.688273
3.617000	0.692684
3.618000	0.703310
3.619000	0.715450
3.620000	0.731358
3.621000	0.748392
3.622000	0.760886
3.623000	0.770482
3.624000	0.774829
3.625000	0.773316
3.626000	0.763945
3.627000	0.751934
3.628000	0.737734
3.629000	0.720731
3.630000	0.706917
3.631000	0.696065
3.632000	0.689979
3.633000	0.690044
3.634000	0.696162
3.635000	0.708044
3.636000	0.721053
3.637000	0.738313
3.638000	0.754027
3.639000	0.764525
3.640000	0.773348
3.641000	0.776182
3.642000	0.771609
3.643000	0.761047
3.644000	0.749068
3.645000	0.733290
3.646000	0.716513
3.647000	0.703632
3.648000	0.694069
3.649000	0.690559
3.650000	0.691621
3.651000	0.701185
3.652000	0.713486
3.653000	0.727655
3.654000	0.744786
3.655000	0.758471
3.656000	0.769516
3.657000	0.776053
3.658000	0.775635
3.659000	0.769806
3.660000	0.758536
3.661000	0.745365
3.662000	0.728395
3.663000	0.711876
3.664000	0.701056
3.665000	0.693876
3.666000	0.690494
3.667000	0.695035
3.668000	0.706241
3.669000	0.718316
3.670000	0.733869
3.671000	0.750356
3.672000	0.763173
3.673000	0.773413
3.674000	0.777084
3.675000	0.776021
3.676000	0.767391
3.677000	0.755026
3.678000	0.740374
3.679000	0.723050
3.680000	0.708913
3.681000	0.699124
3.682000	0.692555
3.683000	0.692394
3.684000	0.699801
3.685000	0.710717
3.686000	0.723307
3.687000	0.740149
3.688000	0.756443
3.689000	0.768003
3.690000	0.775602
3.691000	0.778468
3.692000	0.774765
3.693000	0.763817
3.694000	0.750807
3.695000	0.735222
3.696000	0.718413
3.697000	0.706692
3.698000	0.696870
3.699000	0.692459
3.700000	0.694938
3.701000	0.703471
3.702000	0.715289
3.703000	0.729619
3.704000	0.747233
3.705000	0.761305
3.706000	0.771674
3.707000	0.777953
3.708000	0.778919
3.709000	0.772092
3.710000	0.760146
3.711000	0.747426
3.712000	0.730907
3.713000	0.715032
3.714000	0.703793
3.715000	0.695679
3.716000	0.693715
3.717000	0.697546
3.718000	0.707883
3.719000	0.720764
3.720000	0.736574
3.721000	0.753351
3.722000	0.765684
3.723000	0.775635
3.724000	0.780143
3.725000	0.778114
3.726000	0.769452
3.727000	0.757151
3.728000	0.743433
3.729000	0.725819
3.730000	0.711876
3.731000	0.701217
3.732000	0.695421
3.733000	0.694809
3.734000	0.701700
3.735000	0.713422
3.736000	0.726141
3.737000	0.742854
3.738000	0.758729
3.739000	0.770192
3.740000	0.778211
3.741000	0.780819
3.742000	0.777212
3.743000	0.766393
3.744000	0.753802
3.745000	0.738281
3.746000	0.721214
3.747000	0.708978
3.748000	0.699543
3.749000	0.695228
3.750000	0.697385
3.751000	0.705983
3.752000	0.718316
3.753000	0.732324
3.754000	0.749873
3.755000	0.763849
3.756000	0.774314
3.757000	0.781012
3.758000	0.781560
3.759000	0.774958
3.760000	0.763012
3.761000	0.750614
3.762000	0.733708
3.763000	0.717930
3.764000	0.706692
3.765000	0.698867
3.766000	0.696387
3.767000	0.700412
3.768000	0.711200
3.769000	0.723758
3.770000	0.739408
3.771000	0.756056
3.772000	0.768550
3.773000	0.778855
3.774000	0.782912
3.775000	0.781077
3.776000	0.772801
3.777000	0.760596
3.778000	0.746653
3.779000	0.728975
3.780000	0.714710
3.781000	0.704631
3.782000	0.698513
3.783000	0.697772
3.784000	0.705049
3.785000	0.716706
3.786000	0.729136
3.787000	0.745719
3.788000	0.761788
3.789000	0.773606
3.790000	0.781431
3.791000	0.784039
3.792000	0.780883
3.793000	0.769967
3.794000	0.757473
3.795000	0.741501
3.796000	0.724402
3.797000	0.712488
3.798000	0.703085
3.799000	0.698352
3.800000	0.700992
3.801000	0.709686
3.802000	0.721279
3.803000	0.735351
3.804000	0.752868
3.805000	0.767777
3.806000	0.778114
3.807000	0.784039
3.808000	0.785327
3.809000	0.778694
3.810000	0.766425
3.811000	0.753512
3.812000	0.736607
3.813000	0.721247
3.814000	0.710685
3.815000	0.701733
3.816000	0.699801
3.817000	0.703922
3.818000	0.713905
3.819000	0.726592
3.820000	0.742660
3.821000	0.759888
3.822000	0.772060
3.823000	0.781302
3.824000	0.786519
3.825000	0.784748
3.826000	0.775280
3.827000	0.763495
3.828000	0.749423
3.829000	0.732453
3.830000	0.718606
3.831000	0.707271
3.832000	0.701507
3.833000	0.701507
3.834000	0.707464
3.835000	0.719314
3.836000	0.732710
3.837000	0.749455
3.838000	0.765330
3.839000	0.775860
3.840000	0.784876
3.841000	0.787549
3.842000	0.783105
3.843000	0.772833
3.844000	0.760596
3.845000	0.745011
3.846000	0.728041
3.847000	0.715354
3.848000	0.705790
3.849000	0.701765
3.850000	0.703117
3.851000	0.712423
3.852000	0.724821
3.853000	0.738796
3.854000	0.755734
3.855000	0.769774
3.856000	0.780980
3.857000	0.787227
3.858000	0.787452
3.859000	0.781366
3.860000	0.770096
3.861000	0.756893
3.862000	0.739923
3.863000	0.723919
3.864000	0.712939
3.865000	0.705114
3.866000	0.702312
3.867000	0.706692
3.868000	0.717125
3.869000	0.729587
3.870000	0.744979
3.871000	0.762239
3.872000	0.774668
3.873000	0.784522
3.874000	0.789159
3.875000	0.787742
3.876000	0.778855
3.877000	0.766554
3.878000	0.752417
3.879000	0.735222
3.880000	0.721311
3.881000	0.710556
3.882000	0.704534
3.883000	0.704180
3.884000	0.710685
3.885000	0.722438
3.886000	0.735383
3.887000	0.752063
3.888000	0.768067
3.889000	0.779144
3.890000	0.787646
3.891000	0.790286
3.892000	0.786293
3.893000	0.776053
3.894000	0.763495
3.895000	0.747877
3.896000	0.730778
3.897000	0.718123
3.898000	0.708978
3.899000	0.704438
3.900000	0.706241
3.901000	0.715515
3.902000	0.727655
3.903000	0.741276
3.904000	0.758664
3.905000	0.772736
3.906000	0.783814
3.907000	0.789900
3.908000	0.790705
3.909000	0.784651
3.910000	0.772769
3.911000	0.759502
3.912000	0.742725
3.913000	0.726624
3.914000	0.716127
3.915000	0.707883
3.916000	0.705243
3.917000	0.709880
3.918000	0.719862
3.919000	0.732066
3.920000	0.747845
3.921000	0.765137
3.922000	0.777953
3.923000	0.787195
3.924000	0.792154
3.925000	0.790737
3.926000	0.781560
3.927000	0.768904
3.928000	0.755251
3.929000	0.738023
3.930000	0.724370
3.931000	0.713679
3.932000	0.707046
3.933000	0.707271
3.934000	0.713228
3.935000	0.724756
3.936000	0.737766
3.937000	0.754993
3.938000	0.771030
3.939000	0.781753
3.940000	0.790157
3.941000	0.793377
3.942000	0.788901
3.943000	0.778275
3.944000	0.766103
3.945000	0.750872
3.946000	0.733966
3.947000	0.721086
3.948000	0.711103
3.949000	0.707722
3.950000	0.708849
3.951000	0.717640
3.952000	0.730327
3.953000	0.744399
3.954000	0.761820
3.955000	0.775280
3.956000	0.786036
3.957000	0.793313
3.958000	0.793120
3.959000	0.786937
3.960000	0.775441
3.961000	0.762947
3.962000	0.746042
3.963000	0.729587
3.964000	0.718574
3.965000	0.711135
3.966000	0.707947
3.967000	0.711908
3.968000	0.722953
3.969000	0.735157
3.970000	0.750711
3.971000	0.767230
3.972000	0.780143
3.973000	0.790544
3.974000	0.794408
3.975000	0.792927
3.976000	0.784587
3.977000	0.772382
3.978000	0.758246
3.979000	0.740471
3.980000	0.726367
3.981000	0.716449
3.982000	0.709751
3.983000	0.709332
3.984000	0.716352
3.985000	0.727687
3.986000	0.740020
3.987000	0.757022
3.988000	0.773091
3.989000	0.784651
3.990000	0.792637
3.991000	0.795599
3.992000	0.792089
3.993000	0.781077
3.994000	0.768647
3.995000	0.752933
3.996000	0.736124
3.997000	0.724016
3.998000	0.714033
3.999000	0.709783
4.000000	0.711973
4.001000	0.720409
4.002000	0.732098
4.003000	0.746557
4.004000	0.763817
4.005000	0.778211
4.006000	0.788708
4.007000	0.795277
4.008000	0.795793
4.009000	0.789481
4.010000	0.777792
4.011000	0.764944
4.012000	0.748167
4.013000	0.732098
4.014000	0.721118
4.015000	0.712939
4.016000	0.710330
4.017000	0.714388
4.018000	0.724885
4.019000	0.737283
4.020000	0.753061
4.021000	0.769774
4.022000	0.782300
4.023000	0.792411
4.024000	0.796694
4.025000	0.795567
4.026000	0.786615
4.027000	0.774507
4.028000	0.760339
4.029000	0.742886
4.030000	0.728846
4.031000	0.718477
4.032000	0.711973
4.033000	0.711812
4.034000	0.718284
4.035000	0.729490
4.036000	0.742596
4.037000	0.759212
4.038000	0.775602
4.039000	0.786647
4.040000	0.794505
4.041000	0.798079
4.042000	0.793861
4.043000	0.783073
4.044000	0.770611
4.045000	0.755122
4.046000	0.738345
4.047000	0.726238
4.048000	0.715805
4.049000	0.711973
4.050000	0.713615
4.051000	0.721987
4.052000	0.734417
4.053000	0.748650
4.054000	0.765942
4.055000	0.779660
4.056000	0.790190
4.057000	0.797370
4.058000	0.797628
4.059000	0.790898
4.060000	0.779724
4.061000	0.767101
4.062000	0.750517
4.063000	0.734224
4.064000	0.722535
4.065000	0.714839
4.066000	0.712230
4.067000	0.715772
4.068000	0.726656
4.069000	0.739472
4.070000	0.754704
4.071000	0.771320
4.072000	0.783556
4.073000	0.794215
4.074000	0.798498
4.075000	0.796598
4.076000	0.788290
4.077000	0.776375
4.078000	0.762529
4.079000	0.744625
4.080000	0.730359
4.081000	0.719830
4.082000	0.713969
4.083000	0.712649
4.084000	0.719830
4.085000	0.731551
4.086000	0.743916
4.087000	0.760178
4.088000	0.776472
4.089000	0.788193
4.090000	0.796179
4.091000	0.798498
4.092000	0.795406
4.093000	0.785134
4.094000	0.772286
4.095000	0.756475
4.096000	0.739247
4.097000	0.726882
4.098000	0.717769
4.099000	0.712713
4.100000	0.715032
4.101000	0.723662
4.102000	0.735608
4.103000	0.749004
4.104000	0.766779
4.105000	0.781173
4.106000	0.791800
4.107000	0.797918
4.108000	0.799238
4.109000	0.792927
4.110000	0.780755
4.111000	0.767874
4.112000	0.751065
4.113000	0.735383
4.114000	0.724563
4.115000	0.715772
4.116000	0.713518
4.117000	0.717479
4.118000	0.727655
4.119000	0.740020
4.120000	0.755766
4.121000	0.772865
4.122000	0.785359
4.123000	0.794891
4.124000	0.799882
4.125000	0.798047
4.126000	0.789256
4.127000	0.777212
4.128000	0.763495
4.129000	0.746106
4.130000	0.731841
4.131000	0.721053
4.132000	0.714935
4.133000	0.714484
4.134000	0.720796
4.135000	0.734224
4.136000	0.746653
4.137000	0.763495
4.138000	0.779241
4.139000	0.790318
4.140000	0.798948
4.141000	0.801814
4.142000	0.798143
4.143000	0.787678
4.144000	0.775280
4.145000	0.759534
4.146000	0.742532
4.147000	0.729844
4.148000	0.720474
4.149000	0.715966
4.150000	0.717769
4.151000	0.726528
4.152000	0.738184
4.153000	0.752160
4.154000	0.769613
4.155000	0.783975
4.156000	0.794601
4.157000	0.801202
4.158000	0.801911
4.159000	0.795632
4.160000	0.783846
4.161000	0.770965
4.162000	0.754124
4.163000	0.738313
4.164000	0.727172
4.165000	0.718831
4.166000	0.716449
4.167000	0.720055
4.168000	0.730617
4.169000	0.742854
4.170000	0.758858
4.171000	0.775506
4.172000	0.787742
4.173000	0.797918
4.174000	0.802652
4.175000	0.800816
4.176000	0.792315
4.177000	0.780465
4.178000	0.766457
4.179000	0.749229
4.180000	0.734385
4.181000	0.723887
4.182000	0.718252
4.183000	0.716996
4.184000	0.723726
4.185000	0.735544
4.186000	0.748199
4.187000	0.764750
4.188000	0.780368
4.189000	0.791993
4.190000	0.800816
4.191000	0.803070
4.192000	0.799689
4.193000	0.789578
4.194000	0.776890
4.195000	0.761144
4.196000	0.743820
4.197000	0.731326
4.198000	0.722406
4.199000	0.717286
4.200000	0.719121
4.201000	0.728524
4.202000	0.739827
4.203000	0.753641
4.204000	0.770643
4.205000	0.785327
4.206000	0.796759
4.207000	0.802329
4.208000	0.803296
4.209000	0.797564
4.210000	0.785746
4.211000	0.772382
4.212000	0.755637
4.213000	0.739537
4.214000	0.729329
4.215000	0.720603
4.216000	0.717704
4.217000	0.722374
4.218000	0.732131
4.219000	0.744174
4.220000	0.759985
4.221000	0.777116
4.222000	0.790061
4.223000	0.799528
4.224000	0.804133
4.225000	0.803360
4.226000	0.794150
4.227000	0.781688
4.228000	0.767777
4.229000	0.750678
4.230000	0.736993
4.231000	0.726173
4.232000	0.719379
4.233000	0.719572
4.234000	0.725529
4.235000	0.736446
4.236000	0.749809
4.237000	0.766715
4.238000	0.782912
4.239000	0.793893
4.240000	0.802007
4.241000	0.805453
4.242000	0.801460
4.243000	0.790769
4.244000	0.778404
4.245000	0.763173
4.246000	0.746235
4.247000	0.733741
4.248000	0.723662
4.249000	0.719733
4.250000	0.720989
4.251000	0.729651
4.252000	0.742049
4.253000	0.756056
4.254000	0.773026
4.255000	0.787130
4.256000	0.797982
4.257000	0.804680
4.258000	0.805228
4.259000	0.799109
4.260000	0.787613
4.261000	0.774862
4.262000	0.758181
4.263000	0.741823
4.264000	0.730649
4.265000	0.722760
4.266000	0.719797
4.267000	0.723984
4.268000	0.734224
4.269000	0.746686
4.270000	0.762013
4.271000	0.778822
4.272000	0.791735
4.273000	0.801750
4.274000	0.806322
4.275000	0.805099
4.276000	0.796243
4.277000	0.784007
4.278000	0.770321
4.279000	0.752836
4.280000	0.738893
4.281000	0.728202
4.282000	0.721762
4.283000	0.721343
4.284000	0.727558
4.285000	0.739022
4.286000	0.751967
4.287000	0.768550
4.288000	0.784876
4.289000	0.795986
4.290000	0.804423
4.291000	0.807256
4.292000	0.803457
4.293000	0.793055
4.294000	0.780948
4.295000	0.765523
4.296000	0.748489
4.297000	0.735608
4.298000	0.725980
4.299000	0.721762
4.300000	0.723082
4.301000	0.731841
4.302000	0.744174
4.303000	0.757827
4.304000	0.775055
4.305000	0.789191
4.306000	0.800333
4.307000	0.806902
4.308000	0.807385
4.309000	0.801814
4.310000	0.790125
4.311000	0.777341
4.312000	0.760339
4.313000	0.744045
4.314000	0.733129
4.315000	0.725239
4.316000	0.721955
4.317000	0.726334
4.318000	0.736607
4.319000	0.748618
4.320000	0.764042
4.321000	0.781302
4.322000	0.794344
4.323000	0.804036
4.324000	0.808416
4.325000	0.807578
4.326000	0.798755
4.327000	0.786261
4.328000	0.772382
4.329000	0.754929
4.330000	0.741083
4.331000	0.731036
4.332000	0.723662
4.333000	0.723629
4.334000	0.730037
4.335000	0.741147
4.336000	0.753899
4.337000	0.770869
4.338000	0.787452
4.339000	0.798272
4.340000	0.806129
4.341000	0.809897
4.342000	0.806065
4.343000	0.795245
4.344000	0.782880
4.345000	0.767423
4.346000	0.750807
4.347000	0.738442
4.348000	0.727912
4.349000	0.724145
4.350000	0.725723
4.351000	0.733708
4.352000	0.746042
4.353000	0.760146
4.354000	0.777889
4.355000	0.791832
4.356000	0.801943
4.357000	0.809478
4.358000	0.810122
4.359000	0.803457
4.360000	0.792057
4.361000	0.779595
4.362000	0.762979
4.363000	0.747136
4.364000	0.735351
4.365000	0.727172
4.366000	0.724789
4.367000	0.727880
4.368000	0.738732
4.369000	0.751387
4.370000	0.766972
4.371000	0.783556
4.372000	0.795664
4.373000	0.806161
4.374000	0.810863
4.375000	0.808866
4.376000	0.800687
4.377000	0.789224
4.378000	0.775248
4.379000	0.757827
4.380000	0.743015
4.381000	0.732356
4.382000	0.726528
4.383000	0.725368
4.384000	0.731809
4.385000	0.743948
4.386000	0.756346
4.387000	0.772801
4.388000	0.788483
4.389000	0.800108
4.390000	0.808834
4.391000	0.811346
4.392000	0.808158
4.393000	0.798047
4.394000	0.785392
4.395000	0.769581
4.396000	0.752417
4.397000	0.739955
4.398000	0.730843
4.399000	0.725884
4.400000	0.727622
4.401000	0.736478
4.402000	0.748006
4.403000	0.761627
4.404000	0.779048
4.405000	0.793571
4.406000	0.804648
4.407000	0.810863
4.408000	0.811926
4.409000	0.805968
4.410000	0.794183
4.411000	0.780948
4.412000	0.764525
4.413000	0.748585
4.414000	0.737669
4.415000	0.729104
4.416000	0.726431
4.417000	0.730327
4.418000	0.740374
4.419000	0.752836
4.420000	0.768486
4.421000	0.785327
4.422000	0.798047
4.423000	0.807868
4.424000	0.812859
4.425000	0.811314
4.426000	0.802813
4.427000	0.790801
4.428000	0.776987
4.429000	0.759759
4.430000	0.745462
4.431000	0.734739
4.432000	0.728363
4.433000	0.727751
4.434000	0.734063
4.435000	0.745462
4.436000	0.758342
4.437000	0.774829
4.438000	0.790834
4.439000	0.802555
4.440000	0.810863
4.441000	0.813632
4.442000	0.810283
4.443000	0.800140
4.444000	0.787388
4.445000	0.771964
4.446000	0.754897
4.447000	0.742532
4.448000	0.732839
4.449000	0.728138
4.450000	0.729973
4.451000	0.738410
4.452000	0.750195
4.453000	0.764042
4.454000	0.781527
4.455000	0.796050
4.456000	0.806644
4.457000	0.813246
4.458000	0.814405
4.459000	0.808190
4.460000	0.796340
4.461000	0.783685
4.462000	0.767327
4.463000	0.751258
4.464000	0.740020
4.465000	0.731519
4.466000	0.729168
4.467000	0.732549
4.468000	0.742757
4.469000	0.755541
4.470000	0.771094
4.471000	0.788161
4.472000	0.800591
4.473000	0.810412
4.474000	0.815661
4.475000	0.813825
4.476000	0.805324
4.477000	0.793249
4.478000	0.779950
4.479000	0.762561
4.480000	0.748167
4.481000	0.737186
4.482000	0.731165
4.483000	0.730102
4.484000	0.736285
4.485000	0.748360
4.486000	0.761112
4.487000	0.777470
4.488000	0.793120
4.489000	0.804616
4.490000	0.813729
4.491000	0.816047
4.492000	0.812666
4.493000	0.802684
4.494000	0.790544
4.495000	0.774926
4.496000	0.757570
4.497000	0.744496
4.498000	0.735479
4.499000	0.730714
4.500000	0.732066
4.501000	0.741308
4.502000	0.753126
4.503000	0.766425
4.504000	0.783524
4.505000	0.798047
4.506000	0.809543
4.507000	0.815758
4.508000	0.816627
4.509000	0.811249
4.510000	0.799399
4.511000	0.786358
4.512000	0.769259
4.513000	0.753222
4.514000	0.742564
4.515000	0.734320
4.516000	0.730843
4.517000	0.735383
4.518000	0.745462
4.519000	0.757151
4.520000	0.772736
4.521000	0.789803
4.522000	0.803231
4.523000	0.812795
4.524000	0.817110
4.525000	0.816627
4.526000	0.807707
4.527000	0.795471
4.528000	0.781431
4.529000	0.764106
4.530000	0.750260
4.531000	0.739955
4.532000	0.732710
4.533000	0.732710
4.534000	0.738667
4.535000	0.749616
4.536000	0.762593
4.537000	0.779563
4.538000	0.796050
4.539000	0.806838
4.540000	0.815081
4.541000	0.819042
4.542000	0.815210
4.543000	0.804229
4.544000	0.792057
4.545000	0.776665
4.546000	0.760017
4.547000	0.747684
4.548000	0.737122
4.549000	0.733161
4.550000	0.734417
4.551000	0.742725
4.552000	0.754897
4.553000	0.769033
4.554000	0.786358
4.555000	0.800558
4.556000	0.811024
4.557000	0.818301
4.558000	0.818849
4.559000	0.812537
4.560000	0.801428
4.561000	0.788708
4.562000	0.772286
4.563000	0.756056
4.564000	0.744431
4.565000	0.736413
4.566000	0.733419
4.567000	0.736993
4.568000	0.747619
4.569000	0.760178
4.570000	0.775441
4.571000	0.792250
4.572000	0.804809
4.573000	0.815210
4.574000	0.819718
4.575000	0.818688
4.576000	0.810283
4.577000	0.798337
4.578000	0.784393
4.579000	0.767069
4.580000	0.752675
4.581000	0.742049
4.582000	0.735640
4.583000	0.734803
4.584000	0.741050
4.585000	0.752385
4.586000	0.765233
4.587000	0.781624
4.588000	0.798079
4.589000	0.809414
4.590000	0.817754
4.591000	0.820910
4.592000	0.817335
4.593000	0.807160
4.594000	0.794537
4.595000	0.779305
4.596000	0.762271
4.597000	0.749616
4.598000	0.739601
4.599000	0.735447
4.600000	0.736446
4.601000	0.745140
4.602000	0.757344
4.603000	0.770965
4.604000	0.788418
4.605000	0.802362
4.606000	0.813375
4.607000	0.820298
4.608000	0.820942
4.609000	0.815210
4.610000	0.803907
4.611000	0.790962
4.612000	0.774443
4.613000	0.757956
4.614000	0.746653
4.615000	0.739054
4.616000	0.735544
4.617000	0.739601
4.618000	0.750034
4.619000	0.762239
4.620000	0.777277
4.621000	0.794344
4.622000	0.807385
4.623000	0.817561
4.624000	0.821972
4.625000	0.821200
4.626000	0.813020
4.627000	0.800397
4.628000	0.786454
4.629000	0.768937
4.630000	0.754993
4.631000	0.744882
4.632000	0.737637
4.633000	0.737186
4.634000	0.743626
4.635000	0.754671
4.636000	0.767005
4.637000	0.783749
4.638000	0.800269
4.639000	0.811990
4.640000	0.819718
4.641000	0.823389
4.642000	0.819912
4.643000	0.809188
4.644000	0.796630
4.645000	0.781302
4.646000	0.764557
4.647000	0.752256
4.648000	0.741855
4.649000	0.737476
4.650000	0.739376
4.651000	0.747072
4.652000	0.759115
4.653000	0.772962
4.654000	0.790866
4.655000	0.805067
4.656000	0.815210
4.657000	0.822552
4.658000	0.823937
4.659000	0.817529
4.660000	0.805453
4.661000	0.793184
4.662000	0.776858
4.663000	0.760951
4.664000	0.749262
4.665000	0.740696
4.666000	0.738442
4.667000	0.741533
4.668000	0.751967
4.669000	0.764493
4.670000	0.780304
4.671000	0.796952
4.672000	0.809414
4.673000	0.819557
4.674000	0.824806
4.675000	0.822842
4.676000	0.814598
4.677000	0.802845
4.678000	0.789449
4.679000	0.771996
4.680000	0.757280
4.681000	0.746557
4.682000	0.740438
4.683000	0.739086
4.684000	0.745269
4.685000	0.757473
4.686000	0.769999
4.687000	0.786486
4.688000	0.802233
4.689000	0.813697
4.690000	0.822681
4.691000	0.825354
4.692000	0.822262
4.693000	0.811990
4.694000	0.799818
4.695000	0.784200
4.696000	0.766908
4.697000	0.754188
4.698000	0.744786
4.699000	0.739988
4.700000	0.741372
4.701000	0.750260
4.702000	0.761788
4.703000	0.775441
4.704000	0.792637
4.705000	0.807353
4.706000	0.818301
4.707000	0.824967
4.708000	0.825998
4.709000	0.820201
4.710000	0.808609
4.711000	0.795728
4.712000	0.779080
4.713000	0.763012
4.714000	0.752063
4.715000	0.743401
4.716000	0.740567
4.717000	0.744206
4.718000	0.754543
4.719000	0.766522
4.720000	0.782300
4.721000	0.799142
4.722000	0.811990
4.723000	0.822101
4.724000	0.826867
4.725000	0.825772
4.726000	0.817271
4.727000	0.805453
4.728000	0.791703
4.729000	0.774346
4.730000	0.759824
4.731000	0.749165
4.732000	0.742854
4.733000	0.741823
4.734000	0.748070
4.735000	0.759373
4.736000	0.772286
4.737000	0.788708
4.738000	0.804873
4.739000	0.816337
4.740000	0.825032
4.741000	0.828026
4.742000	0.824967
4.743000	0.814791
4.744000	0.802136
4.745000	0.786583
4.746000	0.769420
4.747000	0.757087
4.748000	0.747426
4.749000	0.742338
4.750000	0.743884
4.751000	0.752611
4.752000	0.764042
4.753000	0.777792
4.754000	0.795052
4.755000	0.809961
4.756000	0.820749
4.757000	0.827060
4.758000	0.828638
4.759000	0.822649
4.760000	0.810734
4.761000	0.797853
4.762000	0.781527
4.763000	0.765523
4.764000	0.754736
4.765000	0.745687
4.766000	0.743079
4.767000	0.746879
4.768000	0.756443
4.769000	0.769130
4.770000	0.784587
4.771000	0.802040
4.772000	0.814534
4.773000	0.824098
4.774000	0.829636
4.775000	0.828413
4.776000	0.819461
4.777000	0.807546
4.778000	0.794150
4.779000	0.777051
4.780000	0.763108
4.781000	0.751645
4.782000	0.745397
4.783000	0.744818
4.784000	0.750260
4.785000	0.761788
4.786000	0.775152
4.787000	0.791574
4.788000	0.807772
4.789000	0.818591
4.790000	0.827640
4.791000	0.830989
4.792000	0.826899
4.793000	0.817110
4.794000	0.805002
4.795000	0.789996
4.796000	0.772833
4.797000	0.759791
4.798000	0.749616
4.799000	0.745719
4.800000	0.746299
4.801000	0.754929
4.802000	0.767681
4.803000	0.781012
4.804000	0.798240
4.805000	0.812119
4.806000	0.823228
4.807000	0.830570
4.808000	0.830989
4.809000	0.825515
4.810000	0.814405
4.811000	0.801750
4.812000	0.785134
4.813000	0.768486
4.814000	0.756958
4.815000	0.749519
4.816000	0.745945
4.817000	0.749712
4.818000	0.760242
4.819000	0.772543
4.820000	0.787420
4.821000	0.804423
4.822000	0.817496
4.823000	0.827897
4.824000	0.832245
4.825000	0.831343
4.826000	0.823389
4.827000	0.811024
4.828000	0.797338
4.829000	0.779660
4.830000	0.765427
4.831000	0.755412
4.832000	0.748296
4.833000	0.747426
4.834000	0.753866
4.835000	0.765298
4.836000	0.777277
4.837000	0.794118
4.838000	0.810541
4.839000	0.822166
4.840000	0.830313
4.841000	0.833790
4.842000	0.830538
4.843000	0.820169
4.844000	0.807739
4.845000	0.792379
4.846000	0.775506
4.847000	0.762883
4.848000	0.752804
4.849000	0.748328
4.850000	0.749970
4.851000	0.757956
4.852000	0.769903
4.853000	0.783620
4.854000	0.801299
4.855000	0.815661
4.856000	0.826191
4.857000	0.833533
4.858000	0.834499
4.859000	0.828638
4.860000	0.817013
4.861000	0.804519
4.862000	0.787871
4.863000	0.771770
4.864000	0.760307
4.865000	0.752128
4.866000	0.749133
4.867000	0.752546
4.868000	0.763076
4.869000	0.775119
4.870000	0.790576
4.871000	0.807643
4.872000	0.820556
4.873000	0.830635
4.874000	0.835304
4.875000	0.834306
4.876000	0.826126
4.877000	0.814083
4.878000	0.800269
4.879000	0.782912
4.880000	0.768518
4.881000	0.758181
4.882000	0.751258
4.883000	0.750550
4.884000	0.756668
4.885000	0.767777
4.886000	0.780433
4.887000	0.797338
4.888000	0.813729
4.889000	0.824935
4.890000	0.833372
4.891000	0.837075
4.892000	0.833694
4.893000	0.823035
4.894000	0.810831
4.895000	0.795567
4.896000	0.778822
4.897000	0.766264
4.898000	0.755734
4.899000	0.751612
4.900000	0.752836
4.901000	0.761112
4.902000	0.772994
4.903000	0.787130
4.904000	0.804584
4.905000	0.818817
4.906000	0.829121
4.907000	0.836817
4.908000	0.837622
4.909000	0.831279
4.910000	0.820298
4.911000	0.807772
4.912000	0.791542
4.913000	0.775023
4.914000	0.763366
4.915000	0.755251
4.916000	0.752482
4.917000	0.755476
4.918000	0.766135
4.919000	0.778983
4.920000	0.794118
4.921000	0.810766
4.922000	0.823164
4.923000	0.834048
4.924000	0.838943
4.925000	0.837397
4.926000	0.829669
4.927000	0.818108
4.928000	0.804326
4.929000	0.787002
4.930000	0.771964
4.931000	0.761434
4.932000	0.755541
4.933000	0.753738
4.934000	0.760532
4.935000	0.771899
4.936000	0.784490
4.937000	0.800687
4.938000	0.816756
4.939000	0.828864
4.940000	0.837655
4.941000	0.840166
4.942000	0.837558
4.943000	0.827801
4.944000	0.814952
4.945000	0.799625
4.946000	0.782075
4.947000	0.769806
4.948000	0.760500
4.949000	0.755026
4.950000	0.756700
4.951000	0.765491
4.952000	0.777084
4.953000	0.790351
4.954000	0.807868
4.955000	0.822777
4.956000	0.833855
4.957000	0.840037
4.958000	0.841776
4.959000	0.836141
4.960000	0.824323
4.961000	0.811282
4.962000	0.794923
4.963000	0.778887
4.964000	0.768099
4.965000	0.759341
4.966000	0.756410
4.967000	0.760307
4.968000	0.769838
4.969000	0.782365
4.970000	0.797692
4.971000	0.815146
4.972000	0.827930
4.973000	0.837751
4.974000	0.843129
4.975000	0.842131
4.976000	0.833501
4.977000	0.821296
4.978000	0.808061
4.979000	0.790769
4.980000	0.776665
4.981000	0.765813
4.982000	0.759115
4.983000	0.758181
4.984000	0.763881
4.985000	0.775570
4.986000	0.788451
4.987000	0.804970
4.988000	0.820974
4.989000	0.832599
4.990000	0.841229
4.991000	0.844449
4.992000	0.841100
4.993000	0.831214
4.994000	0.818849
4.995000	0.803811
4.996000	0.786551
4.997000	0.773702
4.998000	0.763945
4.999000	0.759341
