LabVIEW Measurement	
Writer_Version	2
Reader_Version	2
Separator	Tab
Decimal_Separator	.
Multi_Headings	No
X_Columns	Multi
Time_Pref	Absolute
Operator	mmolter
Date	2018/09/11
Time	13:19:05.2252417300350364025
***End_of_Header***	
	
Channels	1	
Samples	5000	
Date	2018/09/11	
Time	13:19:05.2252417300350364025	
Y_Unit_Label	Volts	
X_Dimension	Time	
X0	0.0000000000000000E+0	
Delta_X	0.001000	
***End_of_Header***		
X_Value	Voltage	Comment
0.000000	-0.138509
0.001000	-0.174702
0.002000	-0.206613
0.003000	-0.231118
0.004000	-0.249601
0.005000	-0.253884
0.006000	-0.244513
0.007000	-0.223325
0.008000	-0.198241
0.009000	-0.163175
0.010000	-0.127239
0.011000	-0.101511
0.012000	-0.081289
0.013000	-0.069664
0.014000	-0.074333
0.015000	-0.094910
0.016000	-0.119092
0.017000	-0.150616
0.018000	-0.185812
0.019000	-0.214438
0.020000	-0.240585
0.021000	-0.252274
0.022000	-0.252692
0.023000	-0.239361
0.024000	-0.216177
0.025000	-0.187390
0.026000	-0.150745
0.027000	-0.119221
0.028000	-0.095167
0.029000	-0.076105
0.030000	-0.070566
0.031000	-0.081096
0.032000	-0.101929
0.033000	-0.127207
0.034000	-0.161178
0.035000	-0.195890
0.036000	-0.223551
0.037000	-0.244095
0.038000	-0.252370
0.039000	-0.249955
0.040000	-0.229830
0.041000	-0.204778
0.042000	-0.173479
0.043000	-0.137962
0.044000	-0.109851
0.045000	-0.083865
0.046000	-0.071113
0.047000	-0.070566
0.048000	-0.084187
0.049000	-0.107339
0.050000	-0.135836
0.051000	-0.172094
0.052000	-0.205583
0.053000	-0.229991
0.054000	-0.246445
0.055000	-0.252370
0.056000	-0.241809
0.057000	-0.220460
0.058000	-0.195375
0.059000	-0.160760
0.060000	-0.125822
0.061000	-0.098902
0.062000	-0.078165
0.063000	-0.068151
0.064000	-0.071242
0.065000	-0.091013
0.066000	-0.115937
0.067000	-0.147364
0.068000	-0.183332
0.069000	-0.211701
0.070000	-0.236367
0.071000	-0.248861
0.072000	-0.249923
0.073000	-0.234982
0.074000	-0.211508
0.075000	-0.182881
0.076000	-0.146913
0.077000	-0.115582
0.078000	-0.089951
0.079000	-0.070856
0.080000	-0.066380
0.081000	-0.076105
0.082000	-0.097164
0.083000	-0.122956
0.084000	-0.156799
0.085000	-0.192960
0.086000	-0.220105
0.087000	-0.239651
0.088000	-0.249633
0.089000	-0.245930
0.090000	-0.226095
0.091000	-0.201751
0.092000	-0.171354
0.093000	-0.135901
0.094000	-0.107371
0.095000	-0.080677
0.096000	-0.069181
0.097000	-0.068634
0.098000	-0.082062
0.099000	-0.105890
0.100000	-0.134420
0.101000	-0.171579
0.102000	-0.204488
0.103000	-0.228510
0.104000	-0.245415
0.105000	-0.252403
0.106000	-0.240649
0.107000	-0.219719
0.108000	-0.195182
0.109000	-0.161275
0.110000	-0.126208
0.111000	-0.097872
0.112000	-0.077650
0.113000	-0.068698
0.114000	-0.071178
0.115000	-0.090369
0.116000	-0.116387
0.117000	-0.147847
0.118000	-0.184813
0.119000	-0.212731
0.120000	-0.236495
0.121000	-0.250503
0.122000	-0.249827
0.123000	-0.235819
0.124000	-0.212925
0.125000	-0.184685
0.126000	-0.148266
0.127000	-0.115937
0.128000	-0.090788
0.129000	-0.073754
0.130000	-0.067282
0.131000	-0.077521
0.132000	-0.100126
0.133000	-0.125597
0.134000	-0.159633
0.135000	-0.194699
0.136000	-0.221361
0.137000	-0.242324
0.138000	-0.251437
0.139000	-0.247766
0.140000	-0.228928
0.141000	-0.204005
0.142000	-0.173414
0.143000	-0.137350
0.144000	-0.108659
0.145000	-0.083382
0.146000	-0.071081
0.147000	-0.070244
0.148000	-0.084348
0.149000	-0.108691
0.150000	-0.136641
0.151000	-0.174091
0.152000	-0.205937
0.153000	-0.230474
0.154000	-0.248506
0.155000	-0.254206
0.156000	-0.242936
0.157000	-0.222263
0.158000	-0.197790
0.159000	-0.163207
0.160000	-0.128173
0.161000	-0.100126
0.162000	-0.080355
0.163000	-0.070566
0.164000	-0.073367
0.165000	-0.093396
0.166000	-0.118802
0.167000	-0.150327
0.168000	-0.187003
0.169000	-0.214696
0.170000	-0.239683
0.171000	-0.253530
0.172000	-0.251887
0.173000	-0.238911
0.174000	-0.216080
0.175000	-0.187840
0.176000	-0.150842
0.177000	-0.117708
0.178000	-0.093718
0.179000	-0.076491
0.180000	-0.069214
0.181000	-0.080194
0.182000	-0.103443
0.183000	-0.128527
0.184000	-0.163400
0.185000	-0.197243
0.186000	-0.224098
0.187000	-0.246349
0.188000	-0.254174
0.189000	-0.251243
0.190000	-0.232825
0.191000	-0.207547
0.192000	-0.175701
0.193000	-0.139250
0.194000	-0.110945
0.195000	-0.086763
0.196000	-0.072562
0.197000	-0.072884
0.198000	-0.087664
0.199000	-0.110784
0.200000	-0.138863
0.201000	-0.175829
0.202000	-0.208159
0.203000	-0.233823
0.204000	-0.250567
0.205000	-0.256524
0.206000	-0.246542
0.207000	-0.224034
0.208000	-0.198724
0.209000	-0.163980
0.210000	-0.129879
0.211000	-0.102509
0.212000	-0.081482
0.213000	-0.071822
0.214000	-0.075364
0.215000	-0.095006
0.216000	-0.119414
0.217000	-0.151904
0.218000	-0.188034
0.219000	-0.216434
0.220000	-0.240971
0.221000	-0.254109
0.222000	-0.253819
0.223000	-0.240038
0.224000	-0.216789
0.225000	-0.188420
0.226000	-0.151550
0.227000	-0.119060
0.228000	-0.094781
0.229000	-0.076652
0.230000	-0.070888
0.231000	-0.081611
0.232000	-0.103797
0.233000	-0.128946
0.234000	-0.163658
0.235000	-0.198177
0.236000	-0.225805
0.237000	-0.247250
0.238000	-0.255397
0.239000	-0.252918
0.240000	-0.233436
0.241000	-0.207708
0.242000	-0.175990
0.243000	-0.140248
0.244000	-0.112684
0.245000	-0.087310
0.246000	-0.073625
0.247000	-0.074237
0.248000	-0.088791
0.249000	-0.111300
0.250000	-0.139733
0.251000	-0.176441
0.252000	-0.210284
0.253000	-0.236367
0.254000	-0.251372
0.255000	-0.258521
0.256000	-0.248249
0.257000	-0.225193
0.258000	-0.199883
0.259000	-0.166266
0.260000	-0.132166
0.261000	-0.105182
0.262000	-0.082834
0.263000	-0.074945
0.264000	-0.078133
0.265000	-0.096294
0.266000	-0.122022
0.267000	-0.154223
0.268000	-0.191511
0.269000	-0.220685
0.270000	-0.243580
0.271000	-0.258263
0.272000	-0.258295
0.273000	-0.242388
0.274000	-0.219590
0.275000	-0.192477
0.276000	-0.156219
0.277000	-0.123826
0.278000	-0.097647
0.279000	-0.081128
0.280000	-0.075203
0.281000	-0.084702
0.282000	-0.107500
0.283000	-0.134065
0.284000	-0.168842
0.285000	-0.204102
0.286000	-0.229959
0.287000	-0.252113
0.288000	-0.260582
0.289000	-0.256267
0.290000	-0.237719
0.291000	-0.213053
0.292000	-0.181819
0.293000	-0.145432
0.294000	-0.116709
0.295000	-0.091722
0.296000	-0.078230
0.297000	-0.078165
0.298000	-0.092978
0.299000	-0.116516
0.300000	-0.144917
0.301000	-0.181593
0.302000	-0.214760
0.303000	-0.240102
0.304000	-0.256363
0.305000	-0.263061
0.306000	-0.252016
0.307000	-0.230184
0.308000	-0.205647
0.309000	-0.171354
0.310000	-0.136384
0.311000	-0.108917
0.312000	-0.087858
0.313000	-0.079357
0.314000	-0.082158
0.315000	-0.101350
0.316000	-0.127657
0.317000	-0.159600
0.318000	-0.197436
0.319000	-0.225740
0.320000	-0.248893
0.321000	-0.264124
0.322000	-0.262964
0.323000	-0.247959
0.324000	-0.226417
0.325000	-0.198789
0.326000	-0.162080
0.327000	-0.128978
0.328000	-0.103539
0.329000	-0.087954
0.330000	-0.080806
0.331000	-0.091142
0.332000	-0.115067
0.333000	-0.141439
0.334000	-0.176474
0.335000	-0.211218
0.336000	-0.236624
0.337000	-0.259358
0.338000	-0.267827
0.339000	-0.263544
0.340000	-0.246156
0.341000	-0.222263
0.342000	-0.190094
0.343000	-0.153160
0.344000	-0.124727
0.345000	-0.101350
0.346000	-0.087053
0.347000	-0.087085
0.348000	-0.103507
0.349000	-0.127400
0.350000	-0.155318
0.351000	-0.191737
0.352000	-0.223808
0.353000	-0.250599
0.354000	-0.267634
0.355000	-0.272721
0.356000	-0.263576
0.357000	-0.241809
0.358000	-0.216080
0.359000	-0.181014
0.360000	-0.146849
0.361000	-0.120831
0.362000	-0.098999
0.363000	-0.090402
0.364000	-0.094877
0.365000	-0.113650
0.366000	-0.138477
0.367000	-0.170323
0.368000	-0.207966
0.369000	-0.237268
0.370000	-0.261226
0.371000	-0.274331
0.372000	-0.274653
0.373000	-0.259841
0.374000	-0.236882
0.375000	-0.209157
0.376000	-0.172577
0.377000	-0.140344
0.378000	-0.114874
0.379000	-0.098452
0.380000	-0.091979
0.381000	-0.102219
0.382000	-0.125436
0.383000	-0.151164
0.384000	-0.186456
0.385000	-0.221136
0.386000	-0.247283
0.387000	-0.269244
0.388000	-0.277777
0.389000	-0.274331
0.390000	-0.255655
0.391000	-0.230860
0.392000	-0.198370
0.393000	-0.162015
0.394000	-0.134098
0.395000	-0.109979
0.396000	-0.095521
0.397000	-0.096294
0.398000	-0.111815
0.399000	-0.134935
0.400000	-0.162756
0.401000	-0.199400
0.402000	-0.232213
0.403000	-0.259004
0.404000	-0.274718
0.405000	-0.280739
0.406000	-0.271304
0.407000	-0.248410
0.408000	-0.222327
0.409000	-0.188130
0.410000	-0.154094
0.411000	-0.128237
0.412000	-0.104956
0.413000	-0.096681
0.414000	-0.101575
0.415000	-0.120090
0.416000	-0.144337
0.417000	-0.176731
0.418000	-0.213826
0.419000	-0.244256
0.420000	-0.267473
0.421000	-0.280063
0.422000	-0.281834
0.423000	-0.265315
0.424000	-0.241970
0.425000	-0.214663
0.426000	-0.178824
0.427000	-0.146656
0.428000	-0.119189
0.429000	-0.103089
0.430000	-0.098001
0.431000	-0.106502
0.432000	-0.129139
0.433000	-0.155640
0.434000	-0.191254
0.435000	-0.226706
0.436000	-0.252338
0.437000	-0.273397
0.438000	-0.283702
0.439000	-0.278195
0.440000	-0.259422
0.441000	-0.235272
0.442000	-0.203619
0.443000	-0.166749
0.444000	-0.136899
0.445000	-0.113199
0.446000	-0.099643
0.447000	-0.098323
0.448000	-0.114423
0.449000	-0.138090
0.450000	-0.166813
0.451000	-0.203071
0.452000	-0.234950
0.453000	-0.261032
0.454000	-0.277519
0.455000	-0.282381
0.456000	-0.272721
0.457000	-0.250599
0.458000	-0.224002
0.459000	-0.189740
0.460000	-0.154416
0.461000	-0.128076
0.462000	-0.105954
0.463000	-0.096906
0.464000	-0.101285
0.465000	-0.119833
0.466000	-0.145046
0.467000	-0.176828
0.468000	-0.213923
0.469000	-0.243386
0.470000	-0.266539
0.471000	-0.280160
0.472000	-0.280675
0.473000	-0.264381
0.474000	-0.241165
0.475000	-0.213762
0.476000	-0.177601
0.477000	-0.145046
0.478000	-0.117869
0.479000	-0.102122
0.480000	-0.096069
0.481000	-0.105117
0.482000	-0.127851
0.483000	-0.154835
0.484000	-0.189998
0.485000	-0.225096
0.486000	-0.250825
0.487000	-0.272335
0.488000	-0.282059
0.489000	-0.275684
0.490000	-0.258038
0.491000	-0.234048
0.492000	-0.202524
0.493000	-0.164720
0.494000	-0.134935
0.495000	-0.111847
0.496000	-0.098645
0.497000	-0.096455
0.498000	-0.112684
0.499000	-0.137414
0.500000	-0.166008
0.501000	-0.202105
0.502000	-0.233404
0.503000	-0.259583
0.504000	-0.277294
0.505000	-0.280965
0.506000	-0.272367
0.507000	-0.250632
0.508000	-0.224066
0.509000	-0.188774
0.510000	-0.153160
0.511000	-0.127496
0.512000	-0.106695
0.513000	-0.095521
0.514000	-0.100899
0.515000	-0.120412
0.516000	-0.145207
0.517000	-0.176216
0.518000	-0.213343
0.519000	-0.242581
0.520000	-0.267569
0.521000	-0.279161
0.522000	-0.280836
0.523000	-0.265476
0.524000	-0.240875
0.525000	-0.213021
0.526000	-0.176345
0.527000	-0.145432
0.528000	-0.119060
0.529000	-0.101446
0.530000	-0.096230
0.531000	-0.105793
0.532000	-0.128205
0.533000	-0.154577
0.534000	-0.189933
0.535000	-0.225290
0.536000	-0.251726
0.537000	-0.272238
0.538000	-0.282220
0.539000	-0.276907
0.540000	-0.258360
0.541000	-0.234274
0.542000	-0.202781
0.543000	-0.165654
0.544000	-0.136062
0.545000	-0.112233
0.546000	-0.099160
0.547000	-0.097936
0.548000	-0.113554
0.549000	-0.138541
0.550000	-0.166524
0.551000	-0.203136
0.552000	-0.234789
0.553000	-0.261193
0.554000	-0.278678
0.555000	-0.282929
0.556000	-0.274524
0.557000	-0.252274
0.558000	-0.225901
0.559000	-0.190642
0.560000	-0.155833
0.561000	-0.130459
0.562000	-0.108724
0.563000	-0.098387
0.564000	-0.104248
0.565000	-0.123278
0.566000	-0.147493
0.567000	-0.178921
0.568000	-0.215951
0.569000	-0.246091
0.570000	-0.270854
0.571000	-0.281770
0.572000	-0.284313
0.573000	-0.268728
0.574000	-0.243837
0.575000	-0.216016
0.576000	-0.179629
0.577000	-0.149135
0.578000	-0.122216
0.579000	-0.104022
0.580000	-0.100158
0.581000	-0.109046
0.582000	-0.131232
0.583000	-0.156960
0.584000	-0.192896
0.585000	-0.228896
0.586000	-0.255590
0.587000	-0.275040
0.588000	-0.286407
0.589000	-0.281029
0.590000	-0.261032
0.591000	-0.237075
0.592000	-0.205873
0.593000	-0.170549
0.594000	-0.140183
0.595000	-0.115131
0.596000	-0.103604
0.597000	-0.102219
0.598000	-0.116645
0.599000	-0.141407
0.600000	-0.170033
0.601000	-0.207515
0.602000	-0.239136
0.603000	-0.264220
0.604000	-0.282542
0.605000	-0.286696
0.606000	-0.276553
0.607000	-0.255011
0.608000	-0.229637
0.609000	-0.194119
0.610000	-0.158956
0.611000	-0.132552
0.612000	-0.111364
0.613000	-0.100995
0.614000	-0.105632
0.615000	-0.125790
0.616000	-0.149876
0.617000	-0.181883
0.618000	-0.218753
0.619000	-0.248088
0.620000	-0.272786
0.621000	-0.284764
0.622000	-0.285698
0.623000	-0.270725
0.624000	-0.246928
0.625000	-0.218173
0.626000	-0.182044
0.627000	-0.150133
0.628000	-0.122795
0.629000	-0.105697
0.630000	-0.101221
0.631000	-0.109818
0.632000	-0.131683
0.633000	-0.158023
0.634000	-0.193862
0.635000	-0.229798
0.636000	-0.256041
0.637000	-0.276038
0.638000	-0.287501
0.639000	-0.281351
0.640000	-0.261870
0.641000	-0.237783
0.642000	-0.206452
0.643000	-0.169808
0.644000	-0.138541
0.645000	-0.113876
0.646000	-0.101800
0.647000	-0.098935
0.648000	-0.113715
0.649000	-0.138123
0.650000	-0.167007
0.651000	-0.204069
0.652000	-0.235433
0.653000	-0.259680
0.654000	-0.278292
0.655000	-0.282220
0.656000	-0.271304
0.657000	-0.250599
0.658000	-0.224903
0.659000	-0.189257
0.660000	-0.152194
0.661000	-0.124727
0.662000	-0.104280
0.663000	-0.092784
0.664000	-0.096198
0.665000	-0.116291
0.666000	-0.140892
0.667000	-0.172416
0.668000	-0.208513
0.669000	-0.236238
0.670000	-0.261870
0.671000	-0.274428
0.672000	-0.273913
0.673000	-0.260002
0.674000	-0.236367
0.675000	-0.206903
0.676000	-0.169744
0.677000	-0.136963
0.678000	-0.111139
0.679000	-0.092559
0.680000	-0.086731
0.681000	-0.096681
0.682000	-0.117772
0.683000	-0.143371
0.684000	-0.178019
0.685000	-0.212957
0.686000	-0.240038
0.687000	-0.260324
0.688000	-0.269662
0.689000	-0.265186
0.690000	-0.245673
0.691000	-0.220427
0.692000	-0.188742
0.693000	-0.151550
0.694000	-0.121926
0.695000	-0.096552
0.696000	-0.083350
0.697000	-0.081257
0.698000	-0.095232
0.699000	-0.118963
0.700000	-0.147203
0.701000	-0.183461
0.702000	-0.215082
0.703000	-0.239619
0.704000	-0.257394
0.705000	-0.261451
0.706000	-0.251759
0.707000	-0.230667
0.708000	-0.204585
0.709000	-0.169035
0.710000	-0.132488
0.711000	-0.105987
0.712000	-0.085282
0.713000	-0.073271
0.714000	-0.077521
0.715000	-0.097357
0.716000	-0.121604
0.717000	-0.153031
0.718000	-0.188774
0.719000	-0.216821
0.720000	-0.242710
0.721000	-0.254335
0.722000	-0.254979
0.723000	-0.241036
0.724000	-0.216177
0.725000	-0.186906
0.726000	-0.149618
0.727000	-0.117933
0.728000	-0.092817
0.729000	-0.073206
0.730000	-0.067797
0.731000	-0.078037
0.732000	-0.098935
0.733000	-0.124115
0.734000	-0.157765
0.735000	-0.193153
0.736000	-0.220814
0.737000	-0.240649
0.738000	-0.249537
0.739000	-0.246220
0.740000	-0.225740
0.741000	-0.200077
0.742000	-0.168745
0.743000	-0.132037
0.744000	-0.103990
0.745000	-0.077071
0.746000	-0.063418
0.747000	-0.063096
0.748000	-0.076491
0.749000	-0.099482
0.750000	-0.127207
0.751000	-0.163915
0.752000	-0.196502
0.753000	-0.221651
0.754000	-0.237944
0.755000	-0.243837
0.756000	-0.232728
0.757000	-0.210510
0.758000	-0.185361
0.759000	-0.150584
0.760000	-0.115260
0.761000	-0.087439
0.762000	-0.066090
0.763000	-0.055979
0.764000	-0.059070
0.765000	-0.077811
0.766000	-0.102444
0.767000	-0.133937
0.768000	-0.170581
0.769000	-0.198692
0.770000	-0.223261
0.771000	-0.235433
0.772000	-0.235755
0.773000	-0.221265
0.774000	-0.197436
0.775000	-0.169132
0.776000	-0.131811
0.777000	-0.100062
0.778000	-0.074237
0.779000	-0.055400
0.780000	-0.049990
0.781000	-0.059650
0.782000	-0.081224
0.783000	-0.106470
0.784000	-0.140892
0.785000	-0.176119
0.786000	-0.203297
0.787000	-0.223003
0.788000	-0.232953
0.789000	-0.228510
0.790000	-0.208352
0.791000	-0.183944
0.792000	-0.152387
0.793000	-0.116452
0.794000	-0.087503
0.795000	-0.061002
0.796000	-0.048283
0.797000	-0.047704
0.798000	-0.060648
0.799000	-0.083833
0.800000	-0.112427
0.801000	-0.149554
0.802000	-0.181915
0.803000	-0.206098
0.804000	-0.223551
0.805000	-0.229476
0.806000	-0.217690
0.807000	-0.196116
0.808000	-0.171837
0.809000	-0.136963
0.810000	-0.102155
0.811000	-0.073625
0.812000	-0.052888
0.813000	-0.043646
0.814000	-0.046094
0.815000	-0.065285
0.816000	-0.090402
0.817000	-0.122924
0.818000	-0.159697
0.819000	-0.187679
0.820000	-0.211315
0.821000	-0.225869
0.822000	-0.224678
0.823000	-0.210381
0.824000	-0.188517
0.825000	-0.160212
0.826000	-0.123149
0.827000	-0.090112
0.828000	-0.064448
0.829000	-0.047994
0.830000	-0.041135
0.831000	-0.051149
0.832000	-0.073657
0.833000	-0.099353
0.834000	-0.134130
0.835000	-0.168198
0.836000	-0.194538
0.837000	-0.216177
0.838000	-0.224807
0.839000	-0.220782
0.840000	-0.202363
0.841000	-0.177697
0.842000	-0.145400
0.843000	-0.108981
0.844000	-0.080741
0.845000	-0.056108
0.846000	-0.042165
0.847000	-0.041714
0.848000	-0.056011
0.849000	-0.079260
0.850000	-0.107468
0.851000	-0.144305
0.852000	-0.176635
0.853000	-0.201880
0.854000	-0.218753
0.855000	-0.224807
0.856000	-0.214567
0.857000	-0.193057
0.858000	-0.168005
0.859000	-0.133615
0.860000	-0.098774
0.861000	-0.071435
0.862000	-0.050924
0.863000	-0.041328
0.864000	-0.044419
0.865000	-0.064351
0.866000	-0.089661
0.867000	-0.121958
0.868000	-0.158667
0.869000	-0.186423
0.870000	-0.211250
0.871000	-0.225901
0.872000	-0.225096
0.873000	-0.211701
0.874000	-0.189998
0.875000	-0.161887
0.876000	-0.125597
0.877000	-0.092881
0.878000	-0.068570
0.879000	-0.052147
0.880000	-0.045321
0.881000	-0.056591
0.882000	-0.079518
0.883000	-0.105761
0.884000	-0.140795
0.885000	-0.174992
0.886000	-0.202170
0.887000	-0.225644
0.888000	-0.233565
0.889000	-0.230957
0.890000	-0.213762
0.891000	-0.188903
0.892000	-0.157443
0.893000	-0.121121
0.894000	-0.094233
0.895000	-0.070791
0.896000	-0.056076
0.897000	-0.056816
0.898000	-0.072498
0.899000	-0.096423
0.900000	-0.124341
0.901000	-0.160792
0.902000	-0.193282
0.903000	-0.220910
0.904000	-0.237075
0.905000	-0.243612
0.906000	-0.235014
0.907000	-0.213214
0.908000	-0.187712
0.909000	-0.154126
0.910000	-0.120573
0.911000	-0.094620
0.912000	-0.072820
0.913000	-0.064062
0.914000	-0.068956
0.915000	-0.087664
0.916000	-0.112362
0.917000	-0.144853
0.918000	-0.182205
0.919000	-0.211476
0.920000	-0.235433
0.921000	-0.249923
0.922000	-0.250632
0.923000	-0.236206
0.924000	-0.213150
0.925000	-0.186617
0.926000	-0.150745
0.927000	-0.119414
0.928000	-0.093525
0.929000	-0.076749
0.930000	-0.071178
0.931000	-0.081514
0.932000	-0.104151
0.933000	-0.130362
0.934000	-0.164914
0.935000	-0.199722
0.936000	-0.226513
0.937000	-0.248474
0.938000	-0.257748
0.939000	-0.254077
0.940000	-0.236528
0.941000	-0.212055
0.942000	-0.181046
0.943000	-0.144531
0.944000	-0.116903
0.945000	-0.092817
0.946000	-0.078745
0.947000	-0.079647
0.948000	-0.094233
0.949000	-0.117708
0.950000	-0.145014
0.951000	-0.181529
0.952000	-0.214148
0.953000	-0.241100
0.954000	-0.256621
0.955000	-0.263544
0.956000	-0.253980
0.957000	-0.231408
0.958000	-0.206549
0.959000	-0.172931
0.960000	-0.139314
0.961000	-0.112330
0.962000	-0.090305
0.963000	-0.082094
0.964000	-0.086022
0.965000	-0.103539
0.966000	-0.127818
0.967000	-0.159987
0.968000	-0.197307
0.969000	-0.227028
0.970000	-0.249247
0.971000	-0.263222
0.972000	-0.264317
0.973000	-0.248442
0.974000	-0.225418
0.975000	-0.198982
0.976000	-0.163303
0.977000	-0.131489
0.978000	-0.104183
0.979000	-0.088147
0.980000	-0.082545
0.981000	-0.090917
0.982000	-0.113006
0.983000	-0.139217
0.984000	-0.173930
0.985000	-0.209157
0.986000	-0.234113
0.987000	-0.254818
0.988000	-0.265315
0.989000	-0.259229
0.990000	-0.241454
0.991000	-0.218044
0.992000	-0.187035
0.993000	-0.149972
0.994000	-0.120573
0.995000	-0.096777
0.996000	-0.083253
0.997000	-0.081901
0.998000	-0.096648
0.999000	-0.120541
1.000000	-0.147751
1.001000	-0.183847
1.002000	-0.214438
1.003000	-0.240327
1.004000	-0.257265
1.005000	-0.261805
1.006000	-0.252596
1.007000	-0.230699
1.008000	-0.205615
1.009000	-0.170677
1.010000	-0.136577
1.011000	-0.109818
1.012000	-0.087986
1.013000	-0.078326
1.014000	-0.081933
1.015000	-0.099450
1.016000	-0.123504
1.017000	-0.154352
1.018000	-0.190899
1.019000	-0.219429
1.020000	-0.241712
1.021000	-0.255236
1.022000	-0.255075
1.023000	-0.239458
1.024000	-0.216402
1.025000	-0.189064
1.026000	-0.152742
1.027000	-0.119962
1.028000	-0.093074
1.029000	-0.077199
1.030000	-0.070276
1.031000	-0.078391
1.032000	-0.101253
1.033000	-0.126885
1.034000	-0.161693
1.035000	-0.195053
1.036000	-0.219333
1.037000	-0.240649
1.038000	-0.250310
1.039000	-0.244288
1.040000	-0.226449
1.041000	-0.203103
1.042000	-0.170903
1.043000	-0.133293
1.044000	-0.103894
1.045000	-0.080741
1.046000	-0.066509
1.047000	-0.064062
1.048000	-0.079389
1.049000	-0.103217
1.050000	-0.130620
1.051000	-0.165590
1.052000	-0.195697
1.053000	-0.221168
1.054000	-0.238846
1.055000	-0.241841
1.056000	-0.233243
1.057000	-0.212313
1.058000	-0.186230
1.059000	-0.150777
1.060000	-0.116548
1.061000	-0.091046
1.062000	-0.069922
1.063000	-0.058491
1.064000	-0.063675
1.065000	-0.083124
1.066000	-0.105954
1.067000	-0.136931
1.068000	-0.171933
1.069000	-0.200849
1.070000	-0.225451
1.071000	-0.236946
1.072000	-0.238363
1.073000	-0.223390
1.074000	-0.200141
1.075000	-0.171804
1.076000	-0.136835
1.077000	-0.105246
1.078000	-0.079099
1.079000	-0.061808
1.080000	-0.056977
1.081000	-0.065929
1.082000	-0.087117
1.083000	-0.112362
1.084000	-0.147042
1.085000	-0.182173
1.086000	-0.208191
1.087000	-0.228606
1.088000	-0.238749
1.089000	-0.234016
1.090000	-0.215468
1.091000	-0.192155
1.092000	-0.161146
1.093000	-0.125114
1.094000	-0.096359
1.095000	-0.072595
1.096000	-0.059392
1.097000	-0.057847
1.098000	-0.073786
1.099000	-0.097357
1.100000	-0.125114
1.101000	-0.160599
1.102000	-0.191865
1.103000	-0.218109
1.104000	-0.234757
1.105000	-0.239072
1.106000	-0.230699
1.107000	-0.209511
1.108000	-0.183171
1.109000	-0.149006
1.110000	-0.115292
1.111000	-0.090241
1.112000	-0.068634
1.113000	-0.058684
1.114000	-0.064480
1.115000	-0.083124
1.116000	-0.106663
1.117000	-0.137704
1.118000	-0.174155
1.119000	-0.203715
1.120000	-0.228123
1.121000	-0.239619
1.122000	-0.242356
1.123000	-0.226932
1.124000	-0.203136
1.125000	-0.176087
1.126000	-0.141117
1.127000	-0.111267
1.128000	-0.084927
1.129000	-0.067088
1.130000	-0.063901
1.131000	-0.072691
1.132000	-0.093364
1.133000	-0.119446
1.134000	-0.154030
1.135000	-0.190062
1.136000	-0.216853
1.137000	-0.235884
1.138000	-0.247315
1.139000	-0.241873
1.140000	-0.223293
1.141000	-0.200077
1.142000	-0.170227
1.143000	-0.134484
1.144000	-0.105375
1.145000	-0.080419
1.146000	-0.069503
1.147000	-0.067797
1.148000	-0.081997
1.149000	-0.106437
1.150000	-0.134677
1.151000	-0.171837
1.152000	-0.202878
1.153000	-0.227737
1.154000	-0.245898
1.155000	-0.250793
1.156000	-0.241068
1.157000	-0.220878
1.158000	-0.196212
1.159000	-0.161822
1.160000	-0.127174
1.161000	-0.101350
1.162000	-0.081482
1.163000	-0.071081
1.164000	-0.075944
1.165000	-0.095199
1.166000	-0.119801
1.167000	-0.151164
1.168000	-0.187196
1.169000	-0.216434
1.170000	-0.240843
1.171000	-0.253272
1.172000	-0.254592
1.173000	-0.240392
1.174000	-0.217336
1.175000	-0.190030
1.176000	-0.154481
1.177000	-0.124148
1.178000	-0.098065
1.179000	-0.081160
1.180000	-0.076749
1.181000	-0.085732
1.182000	-0.107597
1.183000	-0.133550
1.184000	-0.169003
1.185000	-0.204166
1.186000	-0.229991
1.187000	-0.250020
1.188000	-0.261612
1.189000	-0.256202
1.190000	-0.237655
1.191000	-0.214824
1.192000	-0.184491
1.193000	-0.149006
1.194000	-0.119446
1.195000	-0.095393
1.196000	-0.083865
1.197000	-0.081740
1.198000	-0.096520
1.199000	-0.121314
1.200000	-0.150005
1.201000	-0.186681
1.202000	-0.217304
1.203000	-0.242131
1.204000	-0.261258
1.205000	-0.264993
1.206000	-0.255204
1.207000	-0.235594
1.208000	-0.211250
1.209000	-0.176248
1.210000	-0.141568
1.211000	-0.114938
1.212000	-0.095908
1.213000	-0.084573
1.214000	-0.088888
1.215000	-0.109496
1.216000	-0.134259
1.217000	-0.165783
1.218000	-0.201300
1.219000	-0.229733
1.220000	-0.255751
1.221000	-0.267762
1.222000	-0.267988
1.223000	-0.255397
1.224000	-0.232181
1.225000	-0.204166
1.226000	-0.168069
1.227000	-0.137092
1.228000	-0.112588
1.229000	-0.094845
1.230000	-0.089822
1.231000	-0.100223
1.232000	-0.121958
1.233000	-0.147396
1.234000	-0.182044
1.235000	-0.216917
1.236000	-0.244288
1.237000	-0.264864
1.238000	-0.274621
1.239000	-0.271369
1.240000	-0.251887
1.241000	-0.228155
1.242000	-0.197404
1.243000	-0.162370
1.244000	-0.133904
1.245000	-0.109239
1.246000	-0.097196
1.247000	-0.096359
1.248000	-0.111203
1.249000	-0.135450
1.250000	-0.163947
1.251000	-0.200914
1.252000	-0.232696
1.253000	-0.258328
1.254000	-0.276006
1.255000	-0.280707
1.256000	-0.271079
1.257000	-0.250664
1.258000	-0.225805
1.259000	-0.191318
1.260000	-0.156863
1.261000	-0.130910
1.262000	-0.110849
1.263000	-0.100062
1.264000	-0.105729
1.265000	-0.126015
1.266000	-0.150423
1.267000	-0.182270
1.268000	-0.218044
1.269000	-0.246896
1.270000	-0.273108
1.271000	-0.284603
1.272000	-0.286246
1.273000	-0.273011
1.274000	-0.249601
1.275000	-0.221458
1.276000	-0.186230
1.277000	-0.155962
1.278000	-0.130974
1.279000	-0.112781
1.280000	-0.109400
1.281000	-0.119704
1.282000	-0.140602
1.283000	-0.166491
1.284000	-0.201043
1.285000	-0.237204
1.286000	-0.265412
1.287000	-0.285408
1.288000	-0.295584
1.289000	-0.292653
1.290000	-0.273301
1.291000	-0.248925
1.292000	-0.218721
1.293000	-0.184073
1.294000	-0.156413
1.295000	-0.130137
1.296000	-0.118996
1.297000	-0.119318
1.298000	-0.133003
1.299000	-0.157024
1.300000	-0.186230
1.301000	-0.223744
1.302000	-0.256782
1.303000	-0.282124
1.304000	-0.298707
1.305000	-0.305856
1.306000	-0.295584
1.307000	-0.274202
1.308000	-0.250213
1.309000	-0.217239
1.310000	-0.182785
1.311000	-0.155511
1.312000	-0.135804
1.313000	-0.126885
1.314000	-0.130620
1.315000	-0.150359
1.316000	-0.176248
1.317000	-0.208771
1.318000	-0.245866
1.319000	-0.274202
1.320000	-0.298417
1.321000	-0.312747
1.322000	-0.312811
1.323000	-0.298804
1.324000	-0.276102
1.325000	-0.248313
1.326000	-0.211926
1.327000	-0.180788
1.328000	-0.155736
1.329000	-0.138348
1.330000	-0.133196
1.331000	-0.143404
1.332000	-0.166202
1.333000	-0.192059
1.334000	-0.226932
1.335000	-0.262063
1.336000	-0.289369
1.337000	-0.310203
1.338000	-0.320507
1.339000	-0.316192
1.340000	-0.297290
1.341000	-0.273365
1.342000	-0.242903
1.343000	-0.207483
1.344000	-0.178824
1.345000	-0.153450
1.346000	-0.142212
1.347000	-0.141568
1.348000	-0.155575
1.349000	-0.180402
1.350000	-0.209093
1.351000	-0.247025
1.352000	-0.279129
1.353000	-0.304214
1.354000	-0.322793
1.355000	-0.328235
1.356000	-0.317545
1.357000	-0.296711
1.358000	-0.273011
1.359000	-0.238717
1.360000	-0.203747
1.361000	-0.176087
1.362000	-0.157379
1.363000	-0.147557
1.364000	-0.151035
1.365000	-0.172062
1.366000	-0.197983
1.367000	-0.230732
1.368000	-0.267698
1.369000	-0.295906
1.370000	-0.320829
1.371000	-0.335159
1.372000	-0.334289
1.373000	-0.321538
1.374000	-0.299931
1.375000	-0.271884
1.376000	-0.235368
1.377000	-0.203458
1.378000	-0.179790
1.379000	-0.163561
1.380000	-0.157572
1.381000	-0.168971
1.382000	-0.193153
1.383000	-0.219011
1.384000	-0.254238
1.385000	-0.288757
1.386000	-0.316096
1.387000	-0.338894
1.388000	-0.347491
1.389000	-0.344497
1.390000	-0.326464
1.391000	-0.302121
1.392000	-0.270757
1.393000	-0.235046
1.394000	-0.207386
1.395000	-0.183815
1.396000	-0.170420
1.397000	-0.171257
1.398000	-0.186971
1.399000	-0.210638
1.400000	-0.239072
1.401000	-0.275780
1.402000	-0.308657
1.403000	-0.334740
1.404000	-0.351259
1.405000	-0.357120
1.406000	-0.347427
1.407000	-0.325885
1.408000	-0.301315
1.409000	-0.266957
1.410000	-0.233211
1.411000	-0.206227
1.412000	-0.185393
1.413000	-0.176377
1.414000	-0.180434
1.415000	-0.200109
1.416000	-0.224549
1.417000	-0.256589
1.418000	-0.292814
1.419000	-0.320829
1.420000	-0.345012
1.421000	-0.357667
1.422000	-0.357152
1.423000	-0.343112
1.424000	-0.320700
1.425000	-0.291623
1.426000	-0.255494
1.427000	-0.223197
1.428000	-0.198338
1.429000	-0.181271
1.430000	-0.175314
1.431000	-0.186069
1.432000	-0.207805
1.433000	-0.233147
1.434000	-0.267054
1.435000	-0.301766
1.436000	-0.328912
1.437000	-0.349842
1.438000	-0.357860
1.439000	-0.355187
1.440000	-0.335706
1.441000	-0.310267
1.442000	-0.278421
1.443000	-0.242871
1.444000	-0.215404
1.445000	-0.190320
1.446000	-0.176538
1.447000	-0.177601
1.448000	-0.191930
1.449000	-0.214213
1.450000	-0.242388
1.451000	-0.279000
1.452000	-0.312393
1.453000	-0.338153
1.454000	-0.352837
1.455000	-0.359824
1.456000	-0.349102
1.457000	-0.326400
1.458000	-0.300897
1.459000	-0.267312
1.460000	-0.233211
1.461000	-0.206452
1.462000	-0.183944
1.463000	-0.176119
1.464000	-0.179533
1.465000	-0.197726
1.466000	-0.222488
1.467000	-0.255140
1.468000	-0.292460
1.469000	-0.320861
1.470000	-0.343080
1.471000	-0.357538
1.472000	-0.357570
1.473000	-0.341148
1.474000	-0.318607
1.475000	-0.291011
1.476000	-0.255429
1.477000	-0.222520
1.478000	-0.195826
1.479000	-0.180177
1.480000	-0.173865
1.481000	-0.183429
1.482000	-0.205679
1.483000	-0.232535
1.484000	-0.267537
1.485000	-0.302571
1.486000	-0.328364
1.487000	-0.350100
1.488000	-0.359084
1.489000	-0.353835
1.490000	-0.336125
1.491000	-0.311266
1.492000	-0.279709
1.493000	-0.242678
1.494000	-0.214374
1.495000	-0.190062
1.496000	-0.176538
1.497000	-0.176345
1.498000	-0.191865
1.499000	-0.215565
1.500000	-0.244159
1.501000	-0.281158
1.502000	-0.313616
1.503000	-0.339409
1.504000	-0.355896
1.505000	-0.361692
1.506000	-0.351066
1.507000	-0.329362
1.508000	-0.303988
1.509000	-0.269888
1.510000	-0.235207
1.511000	-0.207450
1.512000	-0.186713
1.513000	-0.178180
1.514000	-0.181207
1.515000	-0.200334
1.516000	-0.226095
1.517000	-0.258939
1.518000	-0.296614
1.519000	-0.324468
1.520000	-0.347910
1.521000	-0.362400
1.522000	-0.361821
1.523000	-0.346332
1.524000	-0.323856
1.525000	-0.296228
1.526000	-0.259294
1.527000	-0.226320
1.528000	-0.200205
1.529000	-0.184427
1.530000	-0.177085
1.531000	-0.187583
1.532000	-0.211218
1.533000	-0.237977
1.534000	-0.272786
1.535000	-0.307240
1.536000	-0.332260
1.537000	-0.354833
1.538000	-0.363334
1.539000	-0.357442
1.540000	-0.340182
1.541000	-0.315709
1.542000	-0.283219
1.543000	-0.244996
1.544000	-0.216306
1.545000	-0.192928
1.546000	-0.178728
1.547000	-0.178019
1.548000	-0.194345
1.549000	-0.218495
1.550000	-0.246542
1.551000	-0.282929
1.552000	-0.314099
1.553000	-0.341534
1.554000	-0.358601
1.555000	-0.362755
1.556000	-0.354221
1.557000	-0.331874
1.558000	-0.305888
1.559000	-0.270789
1.560000	-0.236334
1.561000	-0.210638
1.562000	-0.188581
1.563000	-0.179372
1.564000	-0.184878
1.565000	-0.203908
1.566000	-0.228832
1.567000	-0.260904
1.568000	-0.298417
1.569000	-0.328686
1.570000	-0.352644
1.571000	-0.365363
1.572000	-0.366683
1.573000	-0.350969
1.574000	-0.328171
1.575000	-0.300446
1.576000	-0.264413
1.577000	-0.232857
1.578000	-0.206645
1.579000	-0.190964
1.580000	-0.185683
1.581000	-0.195826
1.582000	-0.219429
1.583000	-0.246091
1.584000	-0.281995
1.585000	-0.317255
1.586000	-0.343499
1.587000	-0.365492
1.588000	-0.374830
1.589000	-0.370354
1.590000	-0.352386
1.591000	-0.328171
1.592000	-0.296292
1.593000	-0.259970
1.594000	-0.231955
1.595000	-0.208835
1.596000	-0.194924
1.597000	-0.195375
1.598000	-0.211057
1.599000	-0.235046
1.600000	-0.263480
1.601000	-0.299577
1.602000	-0.332003
1.603000	-0.359277
1.604000	-0.374637
1.605000	-0.380175
1.606000	-0.371288
1.607000	-0.348361
1.608000	-0.322536
1.609000	-0.287469
1.610000	-0.254399
1.611000	-0.228767
1.612000	-0.205293
1.613000	-0.196856
1.614000	-0.202137
1.615000	-0.220717
1.616000	-0.244739
1.617000	-0.276618
1.618000	-0.313906
1.619000	-0.344078
1.620000	-0.367198
1.621000	-0.379531
1.622000	-0.381399
1.623000	-0.364655
1.624000	-0.341534
1.625000	-0.313713
1.626000	-0.278775
1.627000	-0.247572
1.628000	-0.219590
1.629000	-0.203458
1.630000	-0.199111
1.631000	-0.207386
1.632000	-0.229347
1.633000	-0.255719
1.634000	-0.291494
1.635000	-0.327141
1.636000	-0.352257
1.637000	-0.372512
1.638000	-0.383009
1.639000	-0.376472
1.640000	-0.357699
1.641000	-0.333903
1.642000	-0.302410
1.643000	-0.266023
1.644000	-0.235529
1.645000	-0.210960
1.646000	-0.198306
1.647000	-0.196148
1.648000	-0.211379
1.649000	-0.235562
1.650000	-0.264252
1.651000	-0.300060
1.652000	-0.331133
1.653000	-0.356154
1.654000	-0.373252
1.655000	-0.377213
1.656000	-0.367070
1.657000	-0.345527
1.658000	-0.319123
1.659000	-0.283508
1.660000	-0.248377
1.661000	-0.221876
1.662000	-0.200012
1.663000	-0.190127
1.664000	-0.194055
1.665000	-0.213343
1.666000	-0.237429
1.667000	-0.268084
1.668000	-0.304954
1.669000	-0.332776
1.670000	-0.356218
1.671000	-0.368454
1.672000	-0.368744
1.673000	-0.352032
1.674000	-0.327752
1.675000	-0.298836
1.676000	-0.262675
1.677000	-0.229508
1.678000	-0.201526
1.679000	-0.184781
1.680000	-0.178116
1.681000	-0.186198
1.682000	-0.207225
1.683000	-0.232309
1.684000	-0.266152
1.685000	-0.299609
1.686000	-0.323244
1.687000	-0.342983
1.688000	-0.350454
1.689000	-0.342178
1.690000	-0.322987
1.691000	-0.297999
1.692000	-0.265379
1.693000	-0.226867
1.694000	-0.195729
1.695000	-0.172320
1.696000	-0.159053
1.697000	-0.156574
1.698000	-0.172577
1.699000	-0.197629
1.700000	-0.225708
1.701000	-0.261805
1.702000	-0.292331
1.703000	-0.318382
1.704000	-0.336704
1.705000	-0.339570
1.706000	-0.330940
1.707000	-0.310106
1.708000	-0.283798
1.709000	-0.248184
1.710000	-0.212281
1.711000	-0.186584
1.712000	-0.165976
1.713000	-0.154545
1.714000	-0.159407
1.715000	-0.179243
1.716000	-0.202781
1.717000	-0.233501
1.718000	-0.269437
1.719000	-0.297645
1.720000	-0.323083
1.721000	-0.332711
1.722000	-0.333194
1.723000	-0.318414
1.724000	-0.292653
1.725000	-0.263480
1.726000	-0.226513
1.727000	-0.195504
1.728000	-0.169422
1.729000	-0.150616
1.730000	-0.145915
1.731000	-0.156026
1.732000	-0.177536
1.733000	-0.202427
1.734000	-0.237687
1.735000	-0.272753
1.736000	-0.299577
1.737000	-0.319219
1.738000	-0.328557
1.739000	-0.323566
1.740000	-0.303473
1.741000	-0.279000
1.742000	-0.247315
1.743000	-0.210735
1.744000	-0.181304
1.745000	-0.156026
1.746000	-0.143307
1.747000	-0.142244
1.748000	-0.157057
1.749000	-0.181046
1.750000	-0.209254
1.751000	-0.245801
1.752000	-0.277101
1.753000	-0.302314
1.754000	-0.319799
1.755000	-0.323309
1.756000	-0.313326
1.757000	-0.291365
1.758000	-0.265315
1.759000	-0.229669
1.760000	-0.194345
1.761000	-0.168262
1.762000	-0.146334
1.763000	-0.135901
1.764000	-0.141053
1.765000	-0.160470
1.766000	-0.184073
1.767000	-0.215855
1.768000	-0.251759
1.769000	-0.281222
1.770000	-0.306113
1.771000	-0.316482
1.772000	-0.318124
1.773000	-0.302282
1.774000	-0.277584
1.775000	-0.248667
1.776000	-0.211894
1.777000	-0.180853
1.778000	-0.153933
1.779000	-0.135386
1.780000	-0.132005
1.781000	-0.140763
1.782000	-0.162015
1.783000	-0.187583
1.784000	-0.223261
1.785000	-0.258778
1.786000	-0.285795
1.787000	-0.304375
1.788000	-0.315291
1.789000	-0.310203
1.790000	-0.288596
1.791000	-0.264574
1.792000	-0.232631
1.793000	-0.197082
1.794000	-0.167200
1.795000	-0.140763
1.796000	-0.129686
1.797000	-0.128237
1.798000	-0.142148
1.799000	-0.165686
1.800000	-0.195762
1.801000	-0.232406
1.802000	-0.265508
1.803000	-0.289176
1.804000	-0.307047
1.805000	-0.311684
1.806000	-0.299738
1.807000	-0.278324
1.808000	-0.252982
1.809000	-0.217916
1.810000	-0.182173
1.811000	-0.154899
1.812000	-0.134387
1.813000	-0.124244
1.814000	-0.128076
1.815000	-0.148845
1.816000	-0.174123
1.817000	-0.206517
1.818000	-0.242871
1.819000	-0.271047
1.820000	-0.296035
1.821000	-0.308657
1.822000	-0.308142
1.823000	-0.292975
1.824000	-0.270081
1.825000	-0.240682
1.826000	-0.204069
1.827000	-0.171837
1.828000	-0.145883
1.829000	-0.128430
1.830000	-0.123665
1.831000	-0.133421
1.832000	-0.155286
1.833000	-0.181529
1.834000	-0.216467
1.835000	-0.252403
1.836000	-0.278775
1.837000	-0.299319
1.838000	-0.308979
1.839000	-0.303505
1.840000	-0.283573
1.841000	-0.259712
1.842000	-0.227994
1.843000	-0.191865
1.844000	-0.161983
1.845000	-0.137028
1.846000	-0.125532
1.847000	-0.123246
1.848000	-0.138670
1.849000	-0.163239
1.850000	-0.193218
1.851000	-0.230055
1.852000	-0.262063
1.853000	-0.285956
1.854000	-0.304697
1.855000	-0.308206
1.856000	-0.297612
1.857000	-0.277906
1.858000	-0.252145
1.859000	-0.217143
1.860000	-0.180821
1.861000	-0.154609
1.862000	-0.135386
1.863000	-0.124470
1.864000	-0.128946
1.865000	-0.150101
1.866000	-0.175958
1.867000	-0.207611
1.868000	-0.243998
1.869000	-0.271272
1.870000	-0.297258
1.871000	-0.309398
1.872000	-0.309205
1.873000	-0.295648
1.874000	-0.272206
1.875000	-0.242581
1.876000	-0.206034
1.877000	-0.174670
1.878000	-0.150262
1.879000	-0.131779
1.880000	-0.126659
1.881000	-0.138412
1.882000	-0.160663
1.883000	-0.186037
1.884000	-0.220395
1.885000	-0.255397
1.886000	-0.282542
1.887000	-0.303215
1.888000	-0.311330
1.889000	-0.307595
1.890000	-0.288178
1.891000	-0.263222
1.892000	-0.231376
1.893000	-0.195311
1.894000	-0.167103
1.895000	-0.141665
1.896000	-0.128978
1.897000	-0.129203
1.898000	-0.143854
1.899000	-0.167747
1.900000	-0.196084
1.901000	-0.233050
1.902000	-0.264800
1.903000	-0.289884
1.904000	-0.307079
1.905000	-0.311942
1.906000	-0.301283
1.907000	-0.279580
1.908000	-0.253948
1.909000	-0.219043
1.910000	-0.183461
1.911000	-0.156735
1.912000	-0.136448
1.913000	-0.126434
1.914000	-0.130652
1.915000	-0.150842
1.916000	-0.175572
1.917000	-0.207032
1.918000	-0.243193
1.919000	-0.271272
1.920000	-0.296807
1.921000	-0.307852
1.922000	-0.308239
1.923000	-0.293974
1.924000	-0.269018
1.925000	-0.240038
1.926000	-0.203103
1.927000	-0.172126
1.928000	-0.146559
1.929000	-0.127690
1.930000	-0.123568
1.931000	-0.133937
1.932000	-0.155511
1.933000	-0.180209
1.934000	-0.215436
1.935000	-0.250342
1.936000	-0.278002
1.937000	-0.296936
1.938000	-0.306983
1.939000	-0.303602
1.940000	-0.282993
1.941000	-0.257555
1.942000	-0.225934
1.943000	-0.190255
1.944000	-0.161307
1.945000	-0.134645
1.946000	-0.122216
1.947000	-0.122248
1.948000	-0.135901
1.949000	-0.159150
1.950000	-0.187873
1.951000	-0.225225
1.952000	-0.257812
1.953000	-0.282220
1.954000	-0.298611
1.955000	-0.303924
1.956000	-0.291108
1.957000	-0.268149
1.958000	-0.242871
1.959000	-0.207837
1.960000	-0.172320
1.961000	-0.143307
1.962000	-0.122055
1.963000	-0.113103
1.964000	-0.115453
1.965000	-0.135096
1.966000	-0.160083
1.967000	-0.192413
1.968000	-0.228928
1.969000	-0.257233
1.970000	-0.281061
1.971000	-0.293813
1.972000	-0.292203
1.973000	-0.277229
1.974000	-0.253304
1.975000	-0.224839
1.976000	-0.186681
1.977000	-0.153933
1.978000	-0.127657
1.979000	-0.110237
1.980000	-0.104409
1.981000	-0.114616
1.982000	-0.137607
1.983000	-0.163046
1.984000	-0.198789
1.985000	-0.233694
1.986000	-0.260968
1.987000	-0.281576
1.988000	-0.290721
1.989000	-0.286181
1.990000	-0.265991
1.991000	-0.241519
1.992000	-0.209447
1.993000	-0.173060
1.994000	-0.143339
1.995000	-0.118448
1.996000	-0.106502
1.997000	-0.105922
1.998000	-0.120509
1.999000	-0.144724
2.000000	-0.174252
2.001000	-0.212087
2.002000	-0.244481
2.003000	-0.268825
2.004000	-0.286632
2.005000	-0.291720
2.006000	-0.280063
2.007000	-0.258295
2.008000	-0.234080
2.009000	-0.198177
2.010000	-0.162981
2.011000	-0.135386
2.012000	-0.115775
2.013000	-0.105890
2.014000	-0.109239
2.015000	-0.130684
2.016000	-0.156316
2.017000	-0.189611
2.018000	-0.225901
2.019000	-0.253658
2.020000	-0.278356
2.021000	-0.291977
2.022000	-0.289949
2.023000	-0.276263
2.024000	-0.253658
2.025000	-0.224613
2.026000	-0.186778
2.027000	-0.153901
2.028000	-0.129235
2.029000	-0.112233
2.030000	-0.105922
2.031000	-0.117321
2.032000	-0.140924
2.033000	-0.166846
2.034000	-0.201944
2.035000	-0.236173
2.036000	-0.263190
2.037000	-0.285408
2.038000	-0.292653
2.039000	-0.288822
2.040000	-0.269533
2.041000	-0.244385
2.042000	-0.210671
2.043000	-0.174026
2.044000	-0.145754
2.045000	-0.121153
2.046000	-0.106888
2.047000	-0.107017
2.048000	-0.122409
2.049000	-0.145497
2.050000	-0.174252
2.051000	-0.210445
2.052000	-0.243547
2.053000	-0.269727
2.054000	-0.285119
2.055000	-0.290335
2.056000	-0.279934
2.057000	-0.256911
2.058000	-0.230571
2.059000	-0.195246
2.060000	-0.160599
2.061000	-0.132874
2.062000	-0.111332
2.063000	-0.102155
2.064000	-0.106148
2.065000	-0.125983
2.066000	-0.151357
2.067000	-0.184041
2.068000	-0.221361
2.069000	-0.250084
2.070000	-0.274235
2.071000	-0.287662
2.072000	-0.287147
2.073000	-0.271691
2.074000	-0.247894
2.075000	-0.218592
2.076000	-0.181722
2.077000	-0.149264
2.078000	-0.123600
2.079000	-0.105697
2.080000	-0.100223
2.081000	-0.111267
2.082000	-0.133743
2.083000	-0.159472
2.084000	-0.194345
2.085000	-0.229766
2.086000	-0.256975
2.087000	-0.277680
2.088000	-0.285505
2.089000	-0.281802
2.090000	-0.261161
2.091000	-0.235658
2.092000	-0.202653
2.093000	-0.166588
2.094000	-0.137801
2.095000	-0.111557
2.096000	-0.097969
2.097000	-0.098967
2.098000	-0.113682
2.099000	-0.137221
2.100000	-0.165783
2.101000	-0.202685
2.102000	-0.236399
2.103000	-0.262192
2.104000	-0.277455
2.105000	-0.284152
2.106000	-0.272238
2.107000	-0.248989
2.108000	-0.223358
2.109000	-0.188613
2.110000	-0.153869
2.111000	-0.125049
2.112000	-0.102831
2.113000	-0.095296
2.114000	-0.097872
2.115000	-0.116935
2.116000	-0.142438
2.117000	-0.175572
2.118000	-0.214309
2.119000	-0.243547
2.120000	-0.266152
2.121000	-0.280482
2.122000	-0.279838
2.123000	-0.263512
2.124000	-0.240649
2.125000	-0.212442
2.126000	-0.175604
2.127000	-0.142438
2.128000	-0.115679
2.129000	-0.099740
2.130000	-0.094427
2.131000	-0.104248
2.132000	-0.128559
2.133000	-0.155350
2.134000	-0.191737
2.135000	-0.227093
2.136000	-0.252950
2.137000	-0.275007
2.138000	-0.284152
2.139000	-0.279194
2.140000	-0.260871
2.141000	-0.236367
2.142000	-0.203844
2.143000	-0.166813
2.144000	-0.137865
2.145000	-0.113811
2.146000	-0.100673
2.147000	-0.100899
2.148000	-0.116613
2.149000	-0.141182
2.150000	-0.170259
2.151000	-0.207386
2.152000	-0.239909
2.153000	-0.265734
2.154000	-0.282671
2.155000	-0.288049
2.156000	-0.277262
2.157000	-0.254979
2.158000	-0.229508
2.159000	-0.194441
2.160000	-0.159729
2.161000	-0.132101
2.162000	-0.111203
2.163000	-0.102573
2.164000	-0.105922
2.165000	-0.125919
2.166000	-0.150938
2.167000	-0.184041
2.168000	-0.221554
2.169000	-0.249601
2.170000	-0.273269
2.171000	-0.287534
2.172000	-0.285698
2.173000	-0.270950
2.174000	-0.248088
2.175000	-0.219751
2.176000	-0.182270
2.177000	-0.148749
2.178000	-0.122924
2.179000	-0.106985
2.180000	-0.100094
2.181000	-0.110140
2.182000	-0.134259
2.183000	-0.160277
2.184000	-0.196406
2.185000	-0.229894
2.186000	-0.255945
2.187000	-0.278968
2.188000	-0.286568
2.189000	-0.282124
2.190000	-0.263544
2.191000	-0.238943
2.192000	-0.205583
2.193000	-0.167973
2.194000	-0.139121
2.195000	-0.116581
2.196000	-0.101865
2.197000	-0.101478
2.198000	-0.118126
2.199000	-0.142051
2.200000	-0.170677
2.201000	-0.206774
2.202000	-0.238460
2.203000	-0.265895
2.204000	-0.281866
2.205000	-0.285827
2.206000	-0.277487
2.207000	-0.254174
2.208000	-0.227350
2.209000	-0.191962
2.210000	-0.157507
2.211000	-0.131940
2.212000	-0.109625
2.213000	-0.099643
2.214000	-0.105310
2.215000	-0.124856
2.216000	-0.148974
2.217000	-0.181754
2.218000	-0.218527
2.219000	-0.248313
2.220000	-0.272335
2.221000	-0.284861
2.222000	-0.285763
2.223000	-0.269533
2.224000	-0.246027
2.225000	-0.217594
2.226000	-0.181626
2.227000	-0.149425
2.228000	-0.122699
2.229000	-0.106051
2.230000	-0.101189
2.231000	-0.111267
2.232000	-0.133711
2.233000	-0.160438
2.234000	-0.196212
2.235000	-0.230506
2.236000	-0.256911
2.237000	-0.278517
2.238000	-0.287051
2.239000	-0.282542
2.240000	-0.263447
2.241000	-0.239136
2.242000	-0.206710
2.243000	-0.169969
2.244000	-0.141697
2.245000	-0.117740
2.246000	-0.103797
2.247000	-0.104377
2.248000	-0.120316
2.249000	-0.143629
2.250000	-0.172416
2.251000	-0.208449
2.252000	-0.241229
2.253000	-0.268439
2.254000	-0.283347
2.255000	-0.288854
2.256000	-0.279483
2.257000	-0.256717
2.258000	-0.230410
2.259000	-0.195729
2.260000	-0.162176
2.261000	-0.135965
2.262000	-0.113038
2.263000	-0.105085
2.264000	-0.110334
2.265000	-0.128462
2.266000	-0.153321
2.267000	-0.185715
2.268000	-0.223100
2.269000	-0.253079
2.270000	-0.275297
2.271000	-0.288628
2.272000	-0.289755
2.273000	-0.272882
2.274000	-0.249183
2.275000	-0.221522
2.276000	-0.185973
2.277000	-0.154835
2.278000	-0.127013
2.279000	-0.110881
2.280000	-0.106920
2.281000	-0.115196
2.282000	-0.137414
2.283000	-0.164366
2.284000	-0.199980
2.285000	-0.236012
2.286000	-0.260936
2.287000	-0.281254
2.288000	-0.291913
2.289000	-0.284990
2.290000	-0.266152
2.291000	-0.242646
2.292000	-0.211282
2.293000	-0.174155
2.294000	-0.144337
2.295000	-0.120316
2.296000	-0.108015
2.297000	-0.106759
2.298000	-0.121990
2.299000	-0.146817
2.300000	-0.175507
2.301000	-0.211798
2.302000	-0.242839
2.303000	-0.268149
2.304000	-0.285312
2.305000	-0.288918
2.306000	-0.278582
2.307000	-0.257426
2.308000	-0.231215
2.309000	-0.195375
2.310000	-0.160695
2.311000	-0.133872
2.312000	-0.113006
2.313000	-0.103411
2.314000	-0.108434
2.315000	-0.127239
2.316000	-0.152548
2.317000	-0.183847
2.318000	-0.221104
2.319000	-0.249859
2.320000	-0.273140
2.321000	-0.285730
2.322000	-0.285795
2.323000	-0.270145
2.324000	-0.246123
2.325000	-0.218012
2.326000	-0.181690
2.327000	-0.149972
2.328000	-0.122860
2.329000	-0.106534
2.330000	-0.101221
2.331000	-0.109915
2.332000	-0.133228
2.333000	-0.159182
2.334000	-0.194989
2.335000	-0.229733
2.336000	-0.254689
2.337000	-0.275813
2.338000	-0.285183
2.339000	-0.278324
2.340000	-0.260292
2.341000	-0.235916
2.342000	-0.203490
2.343000	-0.165815
2.344000	-0.135901
2.345000	-0.113296
2.346000	-0.099707
2.347000	-0.097711
2.348000	-0.113843
2.349000	-0.139121
2.350000	-0.167168
2.351000	-0.203683
2.352000	-0.233758
2.353000	-0.259777
2.354000	-0.277616
2.355000	-0.279999
2.356000	-0.271143
2.357000	-0.249311
2.358000	-0.222681
2.359000	-0.186359
2.360000	-0.151132
2.361000	-0.125371
2.362000	-0.104570
2.363000	-0.092817
2.364000	-0.098774
2.365000	-0.119124
2.366000	-0.143210
2.367000	-0.174252
2.368000	-0.210993
2.369000	-0.239683
2.370000	-0.265218
2.371000	-0.275748
2.372000	-0.276360
2.373000	-0.262031
2.374000	-0.236624
2.375000	-0.207450
2.376000	-0.170871
2.377000	-0.139861
2.378000	-0.113843
2.379000	-0.095328
2.380000	-0.091690
2.381000	-0.101800
2.382000	-0.123922
2.383000	-0.148684
2.384000	-0.184781
2.385000	-0.219848
2.386000	-0.247025
2.387000	-0.266764
2.388000	-0.276618
2.389000	-0.271272
2.390000	-0.251211
2.391000	-0.226642
2.392000	-0.194763
2.393000	-0.158055
2.394000	-0.128140
2.395000	-0.103765
2.396000	-0.091561
2.397000	-0.090434
2.398000	-0.105600
2.399000	-0.129976
2.400000	-0.158667
2.401000	-0.195826
2.402000	-0.227222
2.403000	-0.252918
2.404000	-0.269823
2.405000	-0.273655
2.406000	-0.263641
2.407000	-0.241293
2.408000	-0.215114
2.409000	-0.178953
2.410000	-0.143951
2.411000	-0.117804
2.412000	-0.096326
2.413000	-0.085668
2.414000	-0.091464
2.415000	-0.111428
2.416000	-0.134935
2.417000	-0.167296
2.418000	-0.203683
2.419000	-0.233179
2.420000	-0.257329
2.421000	-0.268825
2.422000	-0.269727
2.423000	-0.253755
2.424000	-0.229089
2.425000	-0.200495
2.426000	-0.164205
2.427000	-0.133035
2.428000	-0.105922
2.429000	-0.088051
2.430000	-0.085217
2.431000	-0.094233
2.432000	-0.115582
2.433000	-0.141504
2.434000	-0.177633
2.435000	-0.213697
2.436000	-0.240488
2.437000	-0.259390
2.438000	-0.270371
2.439000	-0.264413
2.440000	-0.243773
2.441000	-0.219816
2.442000	-0.188678
2.443000	-0.152548
2.444000	-0.122409
2.445000	-0.096938
2.446000	-0.086312
2.447000	-0.084702
2.448000	-0.099224
2.449000	-0.123246
2.450000	-0.153354
2.451000	-0.190481
2.452000	-0.222681
2.453000	-0.246864
2.454000	-0.264607
2.455000	-0.268889
2.456000	-0.257748
2.457000	-0.236721
2.458000	-0.211476
2.459000	-0.176248
2.460000	-0.140280
2.461000	-0.113167
2.462000	-0.093815
2.463000	-0.083575
2.464000	-0.087890
2.465000	-0.108176
2.466000	-0.133743
2.467000	-0.166395
2.468000	-0.202781
2.469000	-0.230893
2.470000	-0.255848
2.471000	-0.268213
2.472000	-0.267988
2.473000	-0.253272
2.474000	-0.229347
2.475000	-0.200366
2.476000	-0.163947
2.477000	-0.132423
2.478000	-0.107339
2.479000	-0.089886
2.480000	-0.085249
2.481000	-0.095618
2.482000	-0.117579
2.483000	-0.144531
2.484000	-0.179629
2.485000	-0.215340
2.486000	-0.241841
2.487000	-0.261805
2.488000	-0.271626
2.489000	-0.266378
2.490000	-0.246961
2.491000	-0.222971
2.492000	-0.191865
2.493000	-0.155511
2.494000	-0.126756
2.495000	-0.102412
2.496000	-0.090595
2.497000	-0.089403
2.498000	-0.105278
2.499000	-0.130137
2.500000	-0.159729
2.501000	-0.196245
2.502000	-0.227383
2.503000	-0.252306
2.504000	-0.270306
2.505000	-0.273687
2.506000	-0.263383
2.507000	-0.243097
2.508000	-0.217368
2.509000	-0.181948
2.510000	-0.146237
2.511000	-0.120541
2.512000	-0.101092
2.513000	-0.089693
2.514000	-0.095199
2.515000	-0.115550
2.516000	-0.141343
2.517000	-0.172384
2.518000	-0.208062
2.519000	-0.236270
2.520000	-0.262095
2.521000	-0.273172
2.522000	-0.273075
2.523000	-0.259326
2.524000	-0.235175
2.525000	-0.205969
2.526000	-0.169454
2.527000	-0.138638
2.528000	-0.114165
2.529000	-0.095457
2.530000	-0.091239
2.531000	-0.102702
2.532000	-0.124405
2.533000	-0.150262
2.534000	-0.184588
2.535000	-0.219558
2.536000	-0.247154
2.537000	-0.266893
2.538000	-0.275297
2.539000	-0.271755
2.540000	-0.251501
2.541000	-0.225966
2.542000	-0.194345
2.543000	-0.158216
2.544000	-0.131103
2.545000	-0.105214
2.546000	-0.092913
2.547000	-0.093461
2.548000	-0.108144
2.549000	-0.131844
2.550000	-0.160148
2.551000	-0.196921
2.552000	-0.229250
2.553000	-0.253852
2.554000	-0.270242
2.555000	-0.276167
2.556000	-0.264478
2.557000	-0.242614
2.558000	-0.217722
2.559000	-0.183042
2.560000	-0.148491
2.561000	-0.121282
2.562000	-0.100609
2.563000	-0.091625
2.564000	-0.096165
2.565000	-0.115743
2.566000	-0.140763
2.567000	-0.172770
2.568000	-0.209479
2.569000	-0.237204
2.570000	-0.261580
2.571000	-0.273591
2.572000	-0.273236
2.573000	-0.258360
2.574000	-0.234982
2.575000	-0.206227
2.576000	-0.169711
2.577000	-0.138541
2.578000	-0.113071
2.579000	-0.095199
2.580000	-0.091368
2.581000	-0.101929
2.582000	-0.123697
2.583000	-0.149006
2.584000	-0.184169
2.585000	-0.219429
2.586000	-0.246252
2.587000	-0.265508
2.588000	-0.275072
2.589000	-0.270467
2.590000	-0.249698
2.591000	-0.225805
2.592000	-0.194184
2.593000	-0.158377
2.594000	-0.129847
2.595000	-0.103990
2.596000	-0.093106
2.597000	-0.092076
2.598000	-0.105890
2.599000	-0.129783
2.600000	-0.158763
2.601000	-0.196341
2.602000	-0.228735
2.603000	-0.252886
2.604000	-0.269501
2.605000	-0.275072
2.606000	-0.262546
2.607000	-0.241068
2.608000	-0.216499
2.609000	-0.181143
2.610000	-0.146688
2.611000	-0.118738
2.612000	-0.099385
2.613000	-0.090047
2.614000	-0.092656
2.615000	-0.113360
2.616000	-0.138863
2.617000	-0.171965
2.618000	-0.208642
2.619000	-0.235111
2.620000	-0.258972
2.621000	-0.272625
2.622000	-0.270628
2.623000	-0.255687
2.624000	-0.233469
2.625000	-0.204681
2.626000	-0.167779
2.627000	-0.135192
2.628000	-0.110269
2.629000	-0.094072
2.630000	-0.088534
2.631000	-0.099579
2.632000	-0.122795
2.633000	-0.148845
2.634000	-0.183751
2.635000	-0.217626
2.636000	-0.243644
2.637000	-0.265573
2.638000	-0.273301
2.639000	-0.269050
2.640000	-0.250310
2.641000	-0.225579
2.642000	-0.193089
2.643000	-0.157346
2.644000	-0.129493
2.645000	-0.105085
2.646000	-0.092462
2.647000	-0.092462
2.648000	-0.107886
2.649000	-0.130974
2.650000	-0.159633
2.651000	-0.195923
2.652000	-0.227737
2.653000	-0.253272
2.654000	-0.269276
2.655000	-0.273945
2.656000	-0.263029
2.657000	-0.241068
2.658000	-0.215211
2.659000	-0.180660
2.660000	-0.145529
2.661000	-0.118545
2.662000	-0.098452
2.663000	-0.088469
2.664000	-0.092430
2.665000	-0.113103
2.666000	-0.137672
2.667000	-0.170227
2.668000	-0.206162
2.669000	-0.233533
2.670000	-0.258038
2.671000	-0.270499
2.672000	-0.269598
2.673000	-0.255043
2.674000	-0.231665
2.675000	-0.202137
2.676000	-0.165300
2.677000	-0.133196
2.678000	-0.109303
2.679000	-0.091625
2.680000	-0.086248
2.681000	-0.097840
2.682000	-0.120155
2.683000	-0.145947
2.684000	-0.180112
2.685000	-0.214438
2.686000	-0.241551
2.687000	-0.262900
2.688000	-0.270049
2.689000	-0.266635
2.690000	-0.247122
2.691000	-0.221168
2.692000	-0.188581
2.693000	-0.152581
2.694000	-0.125919
2.695000	-0.100641
2.696000	-0.086859
2.697000	-0.088502
2.698000	-0.103894
2.699000	-0.126627
2.700000	-0.154931
2.701000	-0.191060
2.702000	-0.223744
2.703000	-0.250664
2.704000	-0.264703
2.705000	-0.271015
2.706000	-0.260388
2.707000	-0.237043
2.708000	-0.211830
2.709000	-0.177858
2.710000	-0.143919
2.711000	-0.117321
2.712000	-0.095650
2.713000	-0.088276
2.714000	-0.092527
2.715000	-0.110849
2.716000	-0.135740
2.717000	-0.168101
2.718000	-0.205325
2.719000	-0.234563
2.720000	-0.257007
2.721000	-0.270628
2.722000	-0.270532
2.723000	-0.254174
2.724000	-0.231698
2.725000	-0.203619
2.726000	-0.167329
2.727000	-0.135708
2.728000	-0.109722
2.729000	-0.093976
2.730000	-0.088534
2.731000	-0.098580
2.732000	-0.121314
2.733000	-0.147815
2.734000	-0.183139
2.735000	-0.218044
2.736000	-0.243966
2.737000	-0.264478
2.738000	-0.272625
2.739000	-0.268052
2.740000	-0.249247
2.741000	-0.224774
2.742000	-0.193250
2.743000	-0.156670
2.744000	-0.129139
2.745000	-0.104602
2.746000	-0.091335
2.747000	-0.091400
2.748000	-0.105697
2.749000	-0.129622
2.750000	-0.157894
2.751000	-0.194570
2.752000	-0.226545
2.753000	-0.251082
2.754000	-0.266667
2.755000	-0.272625
2.756000	-0.260807
2.757000	-0.238073
2.758000	-0.213858
2.759000	-0.179211
2.760000	-0.145497
2.761000	-0.118030
2.762000	-0.097357
2.763000	-0.089436
2.764000	-0.092237
2.765000	-0.111396
2.766000	-0.136577
2.767000	-0.168842
2.768000	-0.205808
2.769000	-0.233114
2.770000	-0.255236
2.771000	-0.269566
2.772000	-0.267118
2.773000	-0.251920
2.774000	-0.229991
2.775000	-0.202041
2.776000	-0.165751
2.777000	-0.132971
2.778000	-0.107146
2.779000	-0.092462
2.780000	-0.086151
2.781000	-0.095972
2.782000	-0.120412
2.783000	-0.146559
2.784000	-0.181787
2.785000	-0.215340
2.786000	-0.239973
2.787000	-0.262610
2.788000	-0.270242
2.789000	-0.264929
2.790000	-0.247701
2.791000	-0.224098
2.792000	-0.191769
2.793000	-0.154931
2.794000	-0.126273
2.795000	-0.104151
2.796000	-0.090369
2.797000	-0.090885
2.798000	-0.107114
2.799000	-0.131618
2.800000	-0.159858
2.801000	-0.195858
2.802000	-0.226964
2.803000	-0.253465
2.804000	-0.269727
2.805000	-0.273558
2.806000	-0.264349
2.807000	-0.241551
2.808000	-0.215758
2.809000	-0.180080
2.810000	-0.146817
2.811000	-0.120799
2.812000	-0.099192
2.813000	-0.090208
2.814000	-0.094588
2.815000	-0.114713
2.816000	-0.138316
2.817000	-0.170323
2.818000	-0.206710
2.819000	-0.234885
2.820000	-0.258070
2.821000	-0.270725
2.822000	-0.270338
2.823000	-0.254689
2.824000	-0.231601
2.825000	-0.203297
2.826000	-0.167393
2.827000	-0.135160
2.828000	-0.109625
2.829000	-0.093493
2.830000	-0.088244
2.831000	-0.098484
2.832000	-0.121636
2.833000	-0.147203
2.834000	-0.182656
2.835000	-0.216177
2.836000	-0.242259
2.837000	-0.263963
2.838000	-0.271691
2.839000	-0.267086
2.840000	-0.248023
2.841000	-0.223841
2.842000	-0.190932
2.843000	-0.154835
2.844000	-0.127078
2.845000	-0.103604
2.846000	-0.089500
2.847000	-0.090691
2.848000	-0.106502
2.849000	-0.129171
2.850000	-0.157282
2.851000	-0.192896
2.852000	-0.224871
2.853000	-0.252209
2.854000	-0.267118
2.855000	-0.271594
2.856000	-0.262449
2.857000	-0.239587
2.858000	-0.213408
2.859000	-0.178728
2.860000	-0.145368
2.861000	-0.119801
2.862000	-0.097260
2.863000	-0.089597
2.864000	-0.094491
2.865000	-0.113554
2.866000	-0.137318
2.867000	-0.169969
2.868000	-0.206871
2.869000	-0.236946
2.870000	-0.259551
2.871000	-0.271723
2.872000	-0.273365
2.873000	-0.256685
2.874000	-0.233050
2.875000	-0.205261
2.876000	-0.170774
2.877000	-0.139185
2.878000	-0.112491
2.879000	-0.096713
2.880000	-0.093364
2.881000	-0.102412
2.882000	-0.124341
2.883000	-0.151518
2.884000	-0.187712
2.885000	-0.223454
2.886000	-0.249118
2.887000	-0.269115
2.888000	-0.279805
2.889000	-0.273591
2.890000	-0.254979
2.891000	-0.231794
2.892000	-0.200688
2.893000	-0.164495
2.894000	-0.136158
2.895000	-0.112877
2.896000	-0.100867
2.897000	-0.100867
2.898000	-0.116999
2.899000	-0.141987
2.900000	-0.171740
2.901000	-0.208449
2.902000	-0.239909
2.903000	-0.265701
2.904000	-0.283283
2.905000	-0.287437
2.906000	-0.278163
2.907000	-0.257426
2.908000	-0.232148
2.909000	-0.197565
2.910000	-0.163336
2.911000	-0.138058
2.912000	-0.117675
2.913000	-0.109142
2.914000	-0.114874
2.915000	-0.134613
2.916000	-0.159633
2.917000	-0.192381
2.918000	-0.229444
2.919000	-0.258746
2.920000	-0.282703
2.921000	-0.295069
2.922000	-0.296067
2.923000	-0.280224
2.924000	-0.256943
2.925000	-0.229283
2.926000	-0.193669
2.927000	-0.162466
2.928000	-0.136094
2.929000	-0.121153
2.930000	-0.116774
2.931000	-0.126369
2.932000	-0.149457
2.933000	-0.176441
2.934000	-0.212184
2.935000	-0.247605
2.936000	-0.272882
2.937000	-0.293394
2.938000	-0.303505
2.939000	-0.297516
2.940000	-0.279580
2.941000	-0.255848
2.942000	-0.224388
2.943000	-0.187035
2.944000	-0.158055
2.945000	-0.135869
2.946000	-0.123471
2.947000	-0.122151
2.948000	-0.138799
2.949000	-0.164527
2.950000	-0.193765
2.951000	-0.230281
2.952000	-0.260614
2.953000	-0.286439
2.954000	-0.304858
2.955000	-0.307498
2.956000	-0.298482
2.957000	-0.277455
2.958000	-0.251920
2.959000	-0.216080
2.960000	-0.181304
2.961000	-0.156219
2.962000	-0.136480
2.963000	-0.125564
2.964000	-0.132005
2.965000	-0.152935
2.966000	-0.177697
2.967000	-0.209898
2.968000	-0.246478
2.969000	-0.275072
2.970000	-0.301412
2.971000	-0.312489
2.972000	-0.313359
2.973000	-0.299544
2.974000	-0.275587
2.975000	-0.247411
2.976000	-0.211315
2.977000	-0.181883
2.978000	-0.157057
2.979000	-0.139926
2.980000	-0.137060
2.981000	-0.148427
2.982000	-0.171418
2.983000	-0.197887
2.984000	-0.234241
2.985000	-0.269888
2.986000	-0.298256
2.987000	-0.318607
2.988000	-0.328879
2.989000	-0.324564
2.990000	-0.305115
2.991000	-0.281512
2.992000	-0.250760
2.993000	-0.215662
2.994000	-0.187647
2.995000	-0.163851
2.996000	-0.153386
2.997000	-0.154287
2.998000	-0.169872
2.999000	-0.195407
3.000000	-0.225579
3.001000	-0.263930
3.002000	-0.296421
3.003000	-0.322954
3.004000	-0.341373
3.005000	-0.346042
3.006000	-0.336865
3.007000	-0.316031
3.008000	-0.291881
3.009000	-0.257104
3.010000	-0.224130
3.011000	-0.199433
3.012000	-0.180177
3.013000	-0.171128
3.014000	-0.178148
3.015000	-0.199529
3.016000	-0.225064
3.017000	-0.258553
3.018000	-0.296099
3.019000	-0.326110
3.020000	-0.351678
3.021000	-0.363463
3.022000	-0.365588
3.023000	-0.351323
3.024000	-0.327785
3.025000	-0.299834
3.026000	-0.264800
3.027000	-0.235594
3.028000	-0.210155
3.029000	-0.193186
3.030000	-0.191479
3.031000	-0.202363
3.032000	-0.224710
3.033000	-0.251404
3.034000	-0.287759
3.035000	-0.323792
3.036000	-0.351710
3.037000	-0.370354
3.038000	-0.381946
3.039000	-0.376859
3.040000	-0.356476
3.041000	-0.333033
3.042000	-0.301863
3.043000	-0.267312
3.044000	-0.239104
3.045000	-0.213440
3.046000	-0.203200
3.047000	-0.203522
3.048000	-0.217980
3.049000	-0.242485
3.050000	-0.272303
3.051000	-0.310493
3.052000	-0.342919
3.053000	-0.366973
3.054000	-0.384104
3.055000	-0.388870
3.056000	-0.376988
3.057000	-0.356315
3.058000	-0.331681
3.059000	-0.297097
3.060000	-0.261934
3.061000	-0.234306
3.062000	-0.215436
3.063000	-0.206549
3.064000	-0.210252
3.065000	-0.230796
3.066000	-0.256846
3.067000	-0.290110
3.068000	-0.326786
3.069000	-0.353674
3.070000	-0.377954
3.071000	-0.391188
3.072000	-0.389900
3.073000	-0.374830
3.074000	-0.352257
3.075000	-0.323051
3.076000	-0.286407
3.077000	-0.254496
3.078000	-0.229347
3.079000	-0.213504
3.080000	-0.208191
3.081000	-0.218882
3.082000	-0.242098
3.083000	-0.268471
3.084000	-0.303473
3.085000	-0.338185
3.086000	-0.364204
3.087000	-0.384812
3.088000	-0.392895
3.089000	-0.387163
3.090000	-0.367134
3.091000	-0.341309
3.092000	-0.308625
3.093000	-0.271755
3.094000	-0.242807
3.095000	-0.217046
3.096000	-0.203361
3.097000	-0.201976
3.098000	-0.216499
3.099000	-0.239619
3.100000	-0.267118
3.101000	-0.302475
3.102000	-0.332196
3.103000	-0.355220
3.104000	-0.370612
3.105000	-0.372930
3.106000	-0.360082
3.107000	-0.337123
3.108000	-0.310300
3.109000	-0.274074
3.110000	-0.237172
3.111000	-0.209286
3.112000	-0.188710
3.113000	-0.178180
3.114000	-0.181497
3.115000	-0.201526
3.116000	-0.226223
3.117000	-0.257426
3.118000	-0.292557
3.119000	-0.318607
3.120000	-0.342372
3.121000	-0.352869
3.122000	-0.350261
3.123000	-0.334643
3.124000	-0.309527
3.125000	-0.278904
3.126000	-0.240456
3.127000	-0.208030
3.128000	-0.182463
3.129000	-0.164237
3.130000	-0.158377
3.131000	-0.169969
3.132000	-0.191994
3.133000	-0.216595
3.134000	-0.250696
3.135000	-0.284346
3.136000	-0.311040
3.137000	-0.330715
3.138000	-0.336736
3.139000	-0.331906
3.140000	-0.311330
3.141000	-0.284217
3.142000	-0.250825
3.143000	-0.213472
3.144000	-0.185586
3.145000	-0.160663
3.146000	-0.146430
3.147000	-0.148201
3.148000	-0.163303
3.149000	-0.186327
3.150000	-0.214470
3.151000	-0.250696
3.152000	-0.282542
3.153000	-0.308271
3.154000	-0.322246
3.155000	-0.327173
3.156000	-0.314904
3.157000	-0.290496
3.158000	-0.264285
3.159000	-0.228477
3.160000	-0.193958
3.161000	-0.166749
3.162000	-0.144563
3.163000	-0.136545
3.164000	-0.140570
3.165000	-0.159794
3.166000	-0.184041
3.167000	-0.216080
3.168000	-0.253014
3.169000	-0.280063
3.170000	-0.302185
3.171000	-0.313584
3.172000	-0.311298
3.173000	-0.294489
3.174000	-0.269855
3.175000	-0.240360
3.176000	-0.202781
3.177000	-0.169969
3.178000	-0.143049
3.179000	-0.126176
3.180000	-0.120509
3.181000	-0.130684
3.182000	-0.152903
3.183000	-0.177923
3.184000	-0.212764
3.185000	-0.245769
3.186000	-0.271143
3.187000	-0.290528
3.188000	-0.297451
3.189000	-0.291269
3.190000	-0.270242
3.191000	-0.244191
3.192000	-0.210381
3.193000	-0.173028
3.194000	-0.143919
3.195000	-0.118255
3.196000	-0.105504
3.197000	-0.105697
3.198000	-0.119640
3.199000	-0.142277
3.200000	-0.170677
3.201000	-0.206420
3.202000	-0.237880
3.203000	-0.261644
3.204000	-0.275394
3.205000	-0.279516
3.206000	-0.266217
3.207000	-0.241937
3.208000	-0.215984
3.209000	-0.180370
3.210000	-0.145529
3.211000	-0.117418
3.212000	-0.096262
3.213000	-0.087825
3.214000	-0.090144
3.215000	-0.109754
3.216000	-0.133904
3.217000	-0.166073
3.218000	-0.201880
3.219000	-0.228220
3.220000	-0.249118
3.221000	-0.261612
3.222000	-0.258134
3.223000	-0.240424
3.224000	-0.217207
3.225000	-0.187357
3.226000	-0.149618
3.227000	-0.115743
3.228000	-0.088985
3.229000	-0.073786
3.230000	-0.066831
3.231000	-0.076910
3.232000	-0.099836
3.233000	-0.125597
3.234000	-0.160212
3.235000	-0.192928
3.236000	-0.216048
3.237000	-0.237172
3.238000	-0.243998
3.239000	-0.236109
3.240000	-0.216273
3.241000	-0.191511
3.242000	-0.157057
3.243000	-0.119028
3.244000	-0.089951
3.245000	-0.066734
3.246000	-0.052630
3.247000	-0.051922
3.248000	-0.068537
3.249000	-0.091529
3.250000	-0.119833
3.251000	-0.154352
3.252000	-0.184813
3.253000	-0.210155
3.254000	-0.224678
3.255000	-0.226835
3.256000	-0.215984
3.257000	-0.192735
3.258000	-0.165042
3.259000	-0.128720
3.260000	-0.093783
3.261000	-0.067604
3.262000	-0.045578
3.263000	-0.036691
3.264000	-0.041296
3.265000	-0.060874
3.266000	-0.084573
3.267000	-0.116838
3.268000	-0.152806
3.269000	-0.180177
3.270000	-0.202781
3.271000	-0.213472
3.272000	-0.212281
3.273000	-0.195021
3.274000	-0.170742
3.275000	-0.140956
3.276000	-0.104312
3.277000	-0.071629
3.278000	-0.045450
3.279000	-0.029382
3.280000	-0.023972
3.281000	-0.034405
3.282000	-0.056655
3.283000	-0.082577
3.284000	-0.117064
3.285000	-0.150745
3.286000	-0.175346
3.287000	-0.195826
3.288000	-0.202459
3.289000	-0.196567
3.290000	-0.176441
3.291000	-0.150616
3.292000	-0.117225
3.293000	-0.080033
3.294000	-0.052341
3.295000	-0.028512
3.296000	-0.014119
3.297000	-0.014988
3.298000	-0.031636
3.299000	-0.054562
3.300000	-0.082706
3.301000	-0.117836
3.302000	-0.149167
3.303000	-0.175218
3.304000	-0.189161
3.305000	-0.193121
3.306000	-0.182398
3.307000	-0.158828
3.308000	-0.131554
3.309000	-0.096423
3.310000	-0.062516
3.311000	-0.036820
3.312000	-0.014119
3.313000	-0.006809
3.314000	-0.012509
3.315000	-0.030831
3.316000	-0.055045
3.317000	-0.086827
3.318000	-0.124180
3.319000	-0.153193
3.320000	-0.175443
3.321000	-0.186617
3.322000	-0.187132
3.323000	-0.168971
3.324000	-0.144337
3.325000	-0.115872
3.326000	-0.080226
3.327000	-0.048960
3.328000	-0.021074
3.329000	-0.005167
3.330000	-0.001496
3.331000	-0.010609
3.332000	-0.032376
3.333000	-0.058909
3.334000	-0.094427
3.335000	-0.129364
3.336000	-0.154191
3.337000	-0.172287
3.338000	-0.181432
3.339000	-0.173769
3.340000	-0.153643
3.341000	-0.129235
3.342000	-0.096777
3.343000	-0.059392
3.344000	-0.029865
3.345000	-0.006326
3.346000	0.005717
3.347000	0.006586
3.348000	-0.009063
3.349000	-0.033503
3.350000	-0.062774
3.351000	-0.098516
3.352000	-0.128720
3.353000	-0.153064
3.354000	-0.169164
3.355000	-0.171804
3.356000	-0.160502
3.357000	-0.137801
3.358000	-0.111106
3.359000	-0.074945
3.360000	-0.039911
3.361000	-0.013958
3.362000	0.007005
3.363000	0.016150
3.364000	0.011062
3.365000	-0.008323
3.366000	-0.032763
3.367000	-0.064255
3.368000	-0.100963
3.369000	-0.128301
3.370000	-0.150681
3.371000	-0.162241
3.372000	-0.161275
3.373000	-0.144048
3.374000	-0.119253
3.375000	-0.090627
3.376000	-0.054079
3.377000	-0.022330
3.378000	0.004912
3.379000	0.020883
3.380000	0.025584
3.381000	0.016601
3.382000	-0.006262
3.383000	-0.032441
3.384000	-0.068473
3.385000	-0.102477
3.386000	-0.127174
3.387000	-0.146720
3.388000	-0.155221
3.389000	-0.147010
3.390000	-0.127496
3.391000	-0.103314
3.392000	-0.070469
3.393000	-0.032473
3.394000	-0.002205
3.395000	0.020529
3.396000	0.032862
3.397000	0.034246
3.398000	0.018339
3.399000	-0.006906
3.400000	-0.035886
3.401000	-0.071693
3.402000	-0.101060
3.403000	-0.126176
3.404000	-0.143500
3.405000	-0.144370
3.406000	-0.134323
3.407000	-0.112362
3.408000	-0.085604
3.409000	-0.048766
3.410000	-0.013249
3.411000	0.012350
3.412000	0.032089
3.413000	0.043166
3.414000	0.037273
3.415000	0.016407
3.416000	-0.007679
3.417000	-0.039654
3.418000	-0.074752
3.419000	-0.102541
3.420000	-0.126369
3.421000	-0.135708
3.422000	-0.135192
3.423000	-0.119704
3.424000	-0.094298
3.425000	-0.064641
3.426000	-0.027353
3.427000	0.003302
3.428000	0.029255
3.429000	0.047513
3.430000	0.051119
3.431000	0.040461
3.432000	0.018307
3.433000	-0.006423
3.434000	-0.041811
3.435000	-0.075686
3.436000	-0.101607
3.437000	-0.120412
3.438000	-0.128624
3.439000	-0.122119
3.440000	-0.100995
3.441000	-0.076523
3.442000	-0.043421
3.443000	-0.007260
3.444000	0.022042
3.445000	0.046643
3.446000	0.058912
3.447000	0.059588
3.448000	0.044776
3.449000	0.021270
3.450000	-0.007002
3.451000	-0.042326
3.452000	-0.072176
3.453000	-0.096359
3.454000	-0.111557
3.455000	-0.113071
3.456000	-0.102251
3.457000	-0.079035
3.458000	-0.052019
3.459000	-0.015439
3.460000	0.019821
3.461000	0.046064
3.462000	0.067381
3.463000	0.077459
3.464000	0.071502
3.465000	0.051989
3.466000	0.028837
3.467000	-0.002849
3.468000	-0.037818
3.469000	-0.065478
3.470000	-0.088308
3.471000	-0.097292
3.472000	-0.097292
3.473000	-0.080001
3.474000	-0.054498
3.475000	-0.024487
3.476000	0.012318
3.477000	0.043166
3.478000	0.070311
3.479000	0.087796
3.480000	0.090372
3.481000	0.081516
3.482000	0.060618
3.483000	0.035695
3.484000	0.000951
3.485000	-0.033439
3.486000	-0.058877
3.487000	-0.075428
3.488000	-0.084766
3.489000	-0.077264
3.490000	-0.055174
3.491000	-0.030058
3.492000	0.002980
3.493000	0.038465
3.494000	0.067928
3.495000	0.093270
3.496000	0.104572
3.497000	0.105506
3.498000	0.091273
3.499000	0.068089
3.500000	0.038883
3.501000	0.002948
3.502000	-0.027514
3.503000	-0.049732
3.504000	-0.066090
3.505000	-0.068409
3.506000	-0.055367
3.507000	-0.033278
3.508000	-0.007550
3.509000	0.028096
3.510000	0.063710
3.511000	0.090919
3.512000	0.110432
3.513000	0.119771
3.514000	0.115552
3.515000	0.095556
3.516000	0.070729
3.517000	0.038529
3.518000	0.003495
3.519000	-0.022813
3.520000	-0.046061
3.521000	-0.057493
3.522000	-0.054627
3.523000	-0.039106
3.524000	-0.015020
3.525000	0.014604
3.526000	0.051506
3.527000	0.082805
3.528000	0.108082
3.529000	0.124826
3.530000	0.129141
3.531000	0.118901
3.532000	0.097166
3.533000	0.071663
3.534000	0.037048
3.535000	0.003495
3.536000	-0.022104
3.537000	-0.040942
3.538000	-0.048187
3.539000	-0.041843
3.540000	-0.021171
3.541000	0.004171
3.542000	0.036694
3.543000	0.072855
3.544000	0.101932
3.545000	0.126211
3.546000	0.138189
3.547000	0.139091
3.548000	0.123796
3.549000	0.099710
3.550000	0.070858
3.551000	0.035212
3.552000	0.005169
3.553000	-0.018176
3.554000	-0.034308
3.555000	-0.036337
3.556000	-0.024197
3.557000	-0.002076
3.558000	0.023846
3.559000	0.059942
3.560000	0.095588
3.561000	0.121864
3.562000	0.141023
3.563000	0.151649
3.564000	0.146239
3.565000	0.125663
3.566000	0.100740
3.567000	0.069570
3.568000	0.034214
3.569000	0.008357
3.570000	-0.016018
3.571000	-0.026097
3.572000	-0.023940
3.573000	-0.009128
3.574000	0.015667
3.575000	0.045613
3.576000	0.082740
3.577000	0.113749
3.578000	0.138189
3.579000	0.156254
3.580000	0.160311
3.581000	0.148300
3.582000	0.126082
3.583000	0.101610
3.584000	0.067026
3.585000	0.033892
3.586000	0.007101
3.587000	-0.011993
3.588000	-0.018305
3.589000	-0.013636
3.590000	0.007101
3.591000	0.032991
3.592000	0.065642
3.593000	0.101738
3.594000	0.128915
3.595000	0.153678
3.596000	0.166075
3.597000	0.164271
3.598000	0.149556
3.599000	0.126533
3.600000	0.098228
3.601000	0.062067
3.602000	0.030511
3.603000	0.005459
3.604000	-0.008290
3.605000	-0.013120
3.606000	-0.000691
3.607000	0.022815
3.608000	0.048382
3.609000	0.083803
3.610000	0.117581
3.611000	0.144404
3.612000	0.165012
3.613000	0.173030
3.614000	0.168490
3.615000	0.148719
3.616000	0.124085
3.617000	0.091788
3.618000	0.055338
3.619000	0.028418
3.620000	0.006168
3.621000	-0.005328
3.622000	-0.003364
3.623000	0.012769
3.624000	0.036629
3.625000	0.065577
3.626000	0.102994
3.627000	0.134003
3.628000	0.159280
3.629000	0.175735
3.630000	0.179985
3.631000	0.168973
3.632000	0.146336
3.633000	0.121059
3.634000	0.085864
3.635000	0.052440
3.636000	0.026905
3.637000	0.007810
3.638000	0.000146
3.639000	0.006039
3.640000	0.027130
3.641000	0.051892
3.642000	0.085187
3.643000	0.120511
3.644000	0.148364
3.645000	0.173481
3.646000	0.184847
3.647000	0.183817
3.648000	0.169424
3.649000	0.146336
3.650000	0.117194
3.651000	0.080647
3.652000	0.049252
3.653000	0.025520
3.654000	0.010837
3.655000	0.006747
3.656000	0.019982
3.657000	0.042103
3.658000	0.067896
3.659000	0.102994
3.660000	0.137255
3.661000	0.165109
3.662000	0.184815
3.663000	0.192511
3.664000	0.189001
3.665000	0.168941
3.666000	0.143631
3.667000	0.110497
3.668000	0.074561
3.669000	0.048253
3.670000	0.026357
3.671000	0.013541
3.672000	0.016472
3.673000	0.033055
3.674000	0.055531
3.675000	0.084672
3.676000	0.121381
3.677000	0.154161
3.678000	0.179663
3.679000	0.193703
3.680000	0.199821
3.681000	0.188776
3.682000	0.165205
3.683000	0.138576
3.684000	0.103252
3.685000	0.070343
3.686000	0.046321
3.687000	0.025037
3.688000	0.018436
3.689000	0.025456
3.690000	0.044486
3.691000	0.069570
3.692000	0.103091
3.693000	0.139831
3.694000	0.167588
3.695000	0.189806
3.696000	0.203653
3.697000	0.203234
3.698000	0.185652
3.699000	0.162629
3.700000	0.133617
3.701000	0.098325
3.702000	0.068089
3.703000	0.042264
3.704000	0.027677
3.705000	0.024554
3.706000	0.035824
3.707000	0.058429
3.708000	0.084962
3.709000	0.120286
3.710000	0.154161
3.711000	0.179856
3.712000	0.201237
3.713000	0.208740
3.714000	0.203298
3.715000	0.184010
3.716000	0.159119
3.717000	0.126983
3.718000	0.090436
3.719000	0.063388
3.720000	0.040686
3.721000	0.029030
3.722000	0.030833
3.723000	0.047448
3.724000	0.070955
3.725000	0.100161
3.726000	0.136418
3.727000	0.168039
3.728000	0.193864
3.729000	0.209513
3.730000	0.214568
3.731000	0.203170
3.732000	0.180887
3.733000	0.154515
3.734000	0.119803
3.735000	0.086572
3.736000	0.061005
3.737000	0.040397
3.738000	0.034311
3.739000	0.039720
3.740000	0.059202
3.741000	0.085026
3.742000	0.117935
3.743000	0.155030
3.744000	0.181821
3.745000	0.205488
3.746000	0.218883
3.747000	0.217112
3.748000	0.200754
3.749000	0.177763
3.750000	0.149234
3.751000	0.113910
3.752000	0.082708
3.753000	0.056432
3.754000	0.043262
3.755000	0.038271
3.756000	0.049896
3.757000	0.073724
3.758000	0.100708
3.759000	0.135420
3.760000	0.168908
3.761000	0.194540
3.762000	0.216790
3.763000	0.223810
3.764000	0.218110
3.765000	0.199885
3.766000	0.175252
3.767000	0.143341
3.768000	0.105860
3.769000	0.077717
3.770000	0.056465
3.771000	0.044583
3.772000	0.045227
3.773000	0.063130
3.774000	0.087345
3.775000	0.115391
3.776000	0.151230
3.777000	0.182014
3.778000	0.209642
3.779000	0.225034
3.780000	0.228608
3.781000	0.218883
3.782000	0.196762
3.783000	0.170486
3.784000	0.134583
3.785000	0.100515
3.786000	0.076075
3.787000	0.056787
3.788000	0.048447
3.789000	0.055917
3.790000	0.075720
3.791000	0.099516
3.792000	0.132007
3.793000	0.169166
3.794000	0.198178
3.795000	0.221653
3.796000	0.232890
3.797000	0.233534
3.798000	0.217853
3.799000	0.192962
3.800000	0.164271
3.801000	0.128432
3.802000	0.098035
3.803000	0.073016
3.804000	0.057656
3.805000	0.054951
3.806000	0.066157
3.807000	0.088697
3.808000	0.114940
3.809000	0.151327
3.810000	0.185363
3.811000	0.211187
3.812000	0.231828
3.813000	0.240586
3.814000	0.235145
3.815000	0.215180
3.816000	0.190837
3.817000	0.158508
3.818000	0.122057
3.819000	0.094300
3.820000	0.072114
3.821000	0.060457
3.822000	0.061906
3.823000	0.079005
3.824000	0.103026
3.825000	0.131588
3.826000	0.168296
3.827000	0.199627
3.828000	0.226225
3.829000	0.241134
3.830000	0.245674
3.831000	0.236078
3.832000	0.212508
3.833000	0.186361
3.834000	0.150103
3.835000	0.116679
3.836000	0.092787
3.837000	0.072211
3.838000	0.064032
3.839000	0.072211
3.840000	0.091821
3.841000	0.115230
3.842000	0.148622
3.843000	0.185620
3.844000	0.215084
3.845000	0.237238
3.846000	0.249731
3.847000	0.250665
3.848000	0.233180
3.849000	0.208579
3.850000	0.179631
3.851000	0.143824
3.852000	0.114232
3.853000	0.088923
3.854000	0.072050
3.855000	0.071309
3.856000	0.081516
3.857000	0.103091
3.858000	0.129624
3.859000	0.166783
3.860000	0.201334
3.861000	0.226322
3.862000	0.246640
3.863000	0.256783
3.864000	0.249828
3.865000	0.228511
3.866000	0.204780
3.867000	0.172676
3.868000	0.136837
3.869000	0.109144
3.870000	0.084769
3.871000	0.075463
3.872000	0.076010
3.873000	0.091660
3.874000	0.116454
3.875000	0.146883
3.876000	0.183398
3.877000	0.213828
3.878000	0.239298
3.879000	0.256526
3.880000	0.259198
3.881000	0.248572
3.882000	0.226161
3.883000	0.200593
3.884000	0.164819
3.885000	0.130236
3.886000	0.104379
3.887000	0.085381
3.888000	0.077041
3.889000	0.083352
3.890000	0.104765
3.891000	0.128980
3.892000	0.162243
3.893000	0.197534
3.894000	0.226450
3.895000	0.250214
3.896000	0.261774
3.897000	0.261645
3.898000	0.244708
3.899000	0.220880
3.900000	0.191255
3.901000	0.154740
3.902000	0.123602
3.903000	0.098905
3.904000	0.083030
3.905000	0.080325
3.906000	0.091531
3.907000	0.113588
3.908000	0.140153
3.909000	0.176282
3.910000	0.211252
3.911000	0.236272
3.912000	0.257331
3.913000	0.266443
3.914000	0.259842
3.915000	0.239073
3.916000	0.214923
3.917000	0.182175
3.918000	0.146529
3.919000	0.118193
3.920000	0.094525
3.921000	0.084060
3.922000	0.084254
3.923000	0.100901
3.924000	0.125792
3.925000	0.155899
3.926000	0.191610
3.927000	0.222458
3.928000	0.248636
3.929000	0.265348
3.930000	0.267474
3.931000	0.257137
3.932000	0.235821
3.933000	0.210221
3.934000	0.174189
3.935000	0.138962
3.936000	0.112461
3.937000	0.094880
3.938000	0.086025
3.939000	0.092046
3.940000	0.114361
3.941000	0.139220
3.942000	0.171356
3.943000	0.207066
3.944000	0.235917
3.945000	0.260969
3.946000	0.271338
3.947000	0.271563
3.948000	0.256204
3.949000	0.232504
3.950000	0.202010
3.951000	0.165237
3.952000	0.133520
3.953000	0.110239
3.954000	0.094203
3.955000	0.090017
3.956000	0.103445
3.957000	0.125406
3.958000	0.151037
3.959000	0.186136
3.960000	0.221298
3.961000	0.248797
3.962000	0.267635
3.963000	0.275878
3.964000	0.271821
3.965000	0.250891
3.966000	0.225259
3.967000	0.191642
3.968000	0.155191
3.969000	0.128948
3.970000	0.105602
3.971000	0.093076
3.972000	0.096103
3.973000	0.112203
3.974000	0.135839
3.975000	0.165141
3.976000	0.201914
3.977000	0.233824
3.978000	0.258458
3.979000	0.274880
3.980000	0.279645
3.981000	0.267603
3.982000	0.244547
3.983000	0.218658
3.984000	0.182948
3.985000	0.149620
3.986000	0.123667
3.987000	0.103509
3.988000	0.096618
3.989000	0.102157
3.990000	0.122443
3.991000	0.147109
3.992000	0.180017
3.993000	0.216468
3.994000	0.244000
3.995000	0.268569
3.996000	0.280128
3.997000	0.278937
3.998000	0.263320
3.999000	0.239170
4.000000	0.209642
4.001000	0.173030
4.002000	0.141602
4.003000	0.117356
4.004000	0.101062
4.005000	0.098067
4.006000	0.110561
4.007000	0.132425
4.008000	0.157831
4.009000	0.193316
4.010000	0.227803
4.011000	0.254980
4.012000	0.273946
4.013000	0.282962
4.014000	0.277939
4.015000	0.256622
4.016000	0.231023
4.017000	0.197792
4.018000	0.161760
4.019000	0.135001
4.020000	0.111205
4.021000	0.099774
4.022000	0.102125
4.023000	0.117033
4.024000	0.140572
4.025000	0.169681
4.026000	0.207388
4.027000	0.238944
4.028000	0.262547
4.029000	0.279001
4.030000	0.283832
4.031000	0.270855
4.032000	0.247091
4.033000	0.221105
4.034000	0.185878
4.035000	0.152712
4.036000	0.126533
4.037000	0.105699
4.038000	0.099001
4.039000	0.104025
4.040000	0.124085
4.041000	0.148783
4.042000	0.182722
4.043000	0.218626
4.044000	0.245384
4.045000	0.268601
4.046000	0.281835
4.047000	0.279227
4.048000	0.262418
4.049000	0.238526
4.050000	0.210093
4.051000	0.174060
4.052000	0.142343
4.053000	0.116293
4.054000	0.101867
4.055000	0.098003
4.056000	0.108919
4.057000	0.132425
4.058000	0.158314
4.059000	0.194089
4.060000	0.226966
4.061000	0.252855
4.062000	0.273849
4.063000	0.281384
4.064000	0.275620
4.065000	0.255560
4.066000	0.231248
4.067000	0.198017
4.068000	0.161567
4.069000	0.133520
4.070000	0.110915
4.071000	0.099259
4.072000	0.100772
4.073000	0.117291
4.074000	0.140669
4.075000	0.169810
4.076000	0.206293
4.077000	0.237656
4.078000	0.263288
4.079000	0.278454
4.080000	0.282415
4.081000	0.271370
4.082000	0.248218
4.083000	0.222007
4.084000	0.186393
4.085000	0.152712
4.086000	0.127080
4.087000	0.106826
4.088000	0.099516
4.089000	0.105345
4.090000	0.125824
4.091000	0.150586
4.092000	0.184525
4.093000	0.220043
4.094000	0.247220
4.095000	0.270726
4.096000	0.283510
4.097000	0.281578
4.098000	0.265413
4.099000	0.242164
4.100000	0.213055
4.101000	0.176669
4.102000	0.144822
4.103000	0.119384
4.104000	0.105635
4.105000	0.101030
4.106000	0.113008
4.107000	0.136289
4.108000	0.162790
4.109000	0.197534
4.110000	0.230475
4.111000	0.257073
4.112000	0.278712
4.113000	0.285474
4.114000	0.279903
4.115000	0.260390
4.116000	0.235595
4.117000	0.202332
4.118000	0.165366
4.119000	0.136998
4.120000	0.115906
4.121000	0.102769
4.122000	0.104411
4.123000	0.122411
4.124000	0.145466
4.125000	0.174093
4.126000	0.209481
4.127000	0.240458
4.128000	0.268021
4.129000	0.282254
4.130000	0.285957
4.131000	0.276264
4.132000	0.252694
4.133000	0.226000
4.134000	0.189871
4.135000	0.155674
4.136000	0.131137
4.137000	0.111302
4.138000	0.102930
4.139000	0.110819
4.140000	0.129849
4.141000	0.154161
4.142000	0.186554
4.143000	0.223424
4.144000	0.252243
4.145000	0.275137
4.146000	0.287180
4.147000	0.286891
4.148000	0.269792
4.149000	0.245127
4.150000	0.215921
4.151000	0.179856
4.152000	0.149620
4.153000	0.123957
4.154000	0.108629
4.155000	0.105602
4.156000	0.116583
4.157000	0.138930
4.158000	0.165914
4.159000	0.201076
4.160000	0.235499
4.161000	0.261484
4.162000	0.281674
4.163000	0.289402
4.164000	0.283574
4.165000	0.263449
4.166000	0.238526
4.167000	0.205874
4.168000	0.168812
4.169000	0.141280
4.170000	0.118837
4.171000	0.106568
4.172000	0.108404
4.173000	0.125373
4.174000	0.149524
4.175000	0.177570
4.176000	0.214053
4.177000	0.245577
4.178000	0.271724
4.179000	0.285989
4.180000	0.290561
4.181000	0.279871
4.182000	0.256332
4.183000	0.229413
4.184000	0.193252
4.185000	0.160182
4.186000	0.135613
4.187000	0.114973
4.188000	0.107277
4.189000	0.115101
4.190000	0.133810
4.191000	0.158057
4.192000	0.190418
4.193000	0.227803
4.194000	0.256880
4.195000	0.278229
4.196000	0.290787
4.197000	0.290787
4.198000	0.273173
4.199000	0.248218
4.200000	0.219431
4.201000	0.183495
4.202000	0.154322
4.203000	0.128078
4.204000	0.112171
4.205000	0.110529
4.206000	0.121026
4.207000	0.142923
4.208000	0.169713
4.209000	0.206229
4.210000	0.240780
4.211000	0.265252
4.212000	0.285152
4.213000	0.294908
4.214000	0.287438
4.215000	0.267248
4.216000	0.243130
4.217000	0.210962
4.218000	0.175413
4.219000	0.146819
4.220000	0.122926
4.221000	0.113717
4.222000	0.114039
4.223000	0.129817
4.224000	0.155127
4.225000	0.184107
4.226000	0.220461
4.227000	0.250536
4.228000	0.276297
4.229000	0.292719
4.230000	0.295746
4.231000	0.284830
4.232000	0.262418
4.233000	0.236465
4.234000	0.200304
4.235000	0.166493
4.236000	0.140475
4.237000	0.121670
4.238000	0.113041
4.239000	0.119803
4.240000	0.140797
4.241000	0.164593
4.242000	0.197824
4.243000	0.233631
4.244000	0.261645
4.245000	0.284443
4.246000	0.296680
4.247000	0.296068
4.248000	0.279162
4.249000	0.254948
4.250000	0.225452
4.251000	0.189484
4.252000	0.158830
4.253000	0.133166
4.254000	0.117774
4.255000	0.115520
4.256000	0.126082
4.257000	0.148751
4.258000	0.175348
4.259000	0.211477
4.260000	0.244676
4.261000	0.269535
4.262000	0.291109
4.263000	0.299610
4.264000	0.292268
4.265000	0.272304
4.266000	0.248186
4.267000	0.215341
4.268000	0.179856
4.269000	0.150361
4.270000	0.127563
4.271000	0.117452
4.272000	0.116518
4.273000	0.134293
4.274000	0.158797
4.275000	0.187842
4.276000	0.223134
4.277000	0.252919
4.278000	0.280000
4.279000	0.295746
4.280000	0.297420
4.281000	0.287567
4.282000	0.265767
4.283000	0.238912
4.284000	0.203041
4.285000	0.167717
4.286000	0.141667
4.287000	0.123989
4.288000	0.113813
4.289000	0.120962
4.290000	0.142375
4.291000	0.165688
4.292000	0.198114
4.293000	0.232955
4.294000	0.262193
4.295000	0.286086
4.296000	0.295971
4.297000	0.296583
4.298000	0.280354
4.299000	0.255785
4.300000	0.225517
4.301000	0.188873
4.302000	0.157606
4.303000	0.134100
4.304000	0.117645
4.305000	0.114683
4.306000	0.126790
4.307000	0.148010
4.308000	0.173803
4.309000	0.209288
4.310000	0.243871
4.311000	0.269921
4.312000	0.289209
4.313000	0.298161
4.314000	0.291946
4.315000	0.270726
4.316000	0.245513
4.317000	0.212991
4.318000	0.177184
4.319000	0.149781
4.320000	0.126307
4.321000	0.115134
4.322000	0.116003
4.323000	0.133005
4.324000	0.156382
4.325000	0.185942
4.326000	0.221395
4.327000	0.252243
4.328000	0.278551
4.329000	0.293814
4.330000	0.296744
4.331000	0.286247
4.332000	0.263642
4.333000	0.237173
4.334000	0.201302
4.335000	0.166332
4.336000	0.141924
4.337000	0.122475
4.338000	0.113395
4.339000	0.121284
4.340000	0.141152
4.341000	0.164400
4.342000	0.197019
4.343000	0.233051
4.344000	0.262515
4.345000	0.285313
4.346000	0.296197
4.347000	0.297356
4.348000	0.279613
4.349000	0.255238
4.350000	0.224808
4.351000	0.188712
4.352000	0.159152
4.353000	0.134583
4.354000	0.117162
4.355000	0.116067
4.356000	0.127241
4.357000	0.147656
4.358000	0.174415
4.359000	0.210350
4.360000	0.246093
4.361000	0.271241
4.362000	0.289756
4.363000	0.299771
4.364000	0.293363
4.365000	0.271628
4.366000	0.246318
4.367000	0.213892
4.368000	0.178440
4.369000	0.151713
4.370000	0.126500
4.371000	0.117001
4.372000	0.117774
4.373000	0.132973
4.374000	0.157735
4.375000	0.187842
4.376000	0.224486
4.377000	0.254819
4.378000	0.279066
4.379000	0.296390
4.380000	0.299481
4.381000	0.287406
4.382000	0.265252
4.383000	0.239685
4.384000	0.204071
4.385000	0.170196
4.386000	0.143663
4.387000	0.124633
4.388000	0.116647
4.389000	0.122958
4.390000	0.143438
4.391000	0.168490
4.392000	0.200658
4.393000	0.236883
4.394000	0.264640
4.395000	0.288726
4.396000	0.299578
4.397000	0.299191
4.398000	0.282833
4.399000	0.258683
4.400000	0.229091
4.401000	0.192382
4.402000	0.162436
4.403000	0.137255
4.404000	0.120930
4.405000	0.118837
4.406000	0.130300
4.407000	0.152229
4.408000	0.178729
4.409000	0.214472
4.410000	0.249248
4.411000	0.274526
4.412000	0.294200
4.413000	0.303377
4.414000	0.296808
4.415000	0.275975
4.416000	0.251760
4.417000	0.219431
4.418000	0.183817
4.419000	0.155738
4.420000	0.131491
4.421000	0.122508
4.422000	0.122347
4.423000	0.138415
4.424000	0.163821
4.425000	0.193187
4.426000	0.229606
4.427000	0.259230
4.428000	0.285087
4.429000	0.302604
4.430000	0.304504
4.431000	0.292976
4.432000	0.271467
4.433000	0.245899
4.434000	0.209932
4.435000	0.175220
4.436000	0.148558
4.437000	0.130976
4.438000	0.121574
4.439000	0.127724
4.440000	0.149781
4.441000	0.174318
4.442000	0.206390
4.443000	0.241359
4.444000	0.269438
4.445000	0.294683
4.446000	0.304891
4.447000	0.304247
4.448000	0.288694
4.449000	0.265187
4.450000	0.234855
4.451000	0.198178
4.452000	0.166397
4.453000	0.143084
4.454000	0.127112
4.455000	0.123377
4.456000	0.136515
4.457000	0.158830
4.458000	0.183592
4.459000	0.219109
4.460000	0.253595
4.461000	0.279903
4.462000	0.299900
4.463000	0.308368
4.464000	0.302959
4.465000	0.281996
4.466000	0.256848
4.467000	0.223456
4.468000	0.187874
4.469000	0.161019
4.470000	0.137674
4.471000	0.126114
4.472000	0.128078
4.473000	0.144275
4.474000	0.167588
4.475000	0.197116
4.476000	0.234211
4.477000	0.265026
4.478000	0.290722
4.479000	0.306662
4.480000	0.309656
4.481000	0.298354
4.482000	0.276264
4.483000	0.250150
4.484000	0.214407
4.485000	0.180114
4.486000	0.154418
4.487000	0.135130
4.488000	0.127048
4.489000	0.133745
4.490000	0.154676
4.491000	0.179051
4.492000	0.212282
4.493000	0.247638
4.494000	0.276393
4.495000	0.300254
4.496000	0.310977
4.497000	0.310944
4.498000	0.295005
4.499000	0.271080
4.500000	0.240329
4.501000	0.203814
4.502000	0.172676
4.503000	0.149041
4.504000	0.132200
4.505000	0.129624
4.506000	0.142246
4.507000	0.163305
4.508000	0.188551
4.509000	0.224776
4.510000	0.260068
4.511000	0.286150
4.512000	0.304472
4.513000	0.313939
4.514000	0.308529
4.515000	0.287084
4.516000	0.260937
4.517000	0.227835
4.518000	0.192318
4.519000	0.166139
4.520000	0.142150
4.521000	0.130075
4.522000	0.133262
4.523000	0.148461
4.524000	0.171484
4.525000	0.201785
4.526000	0.238719
4.527000	0.269728
4.528000	0.293942
4.529000	0.310075
4.530000	0.314325
4.531000	0.301735
4.532000	0.278196
4.533000	0.251857
4.534000	0.216790
4.535000	0.183109
4.536000	0.156672
4.537000	0.136096
4.538000	0.129946
4.539000	0.134937
4.540000	0.154708
4.541000	0.180629
4.542000	0.213924
4.543000	0.249731
4.544000	0.277005
4.545000	0.300479
4.546000	0.312748
4.547000	0.310880
4.548000	0.294297
4.549000	0.270211
4.550000	0.240780
4.551000	0.203975
4.552000	0.172225
4.553000	0.146851
4.554000	0.132039
4.555000	0.127724
4.556000	0.140153
4.557000	0.162855
4.558000	0.188712
4.559000	0.223778
4.560000	0.257846
4.561000	0.284476
4.562000	0.304504
4.563000	0.312232
4.564000	0.306758
4.565000	0.285957
4.566000	0.260261
4.567000	0.227352
4.568000	0.190257
4.569000	0.162919
4.570000	0.139477
4.571000	0.127853
4.572000	0.129463
4.573000	0.144597
4.574000	0.169005
4.575000	0.198790
4.576000	0.235434
4.577000	0.265831
4.578000	0.290465
4.579000	0.307724
4.580000	0.311009
4.581000	0.298515
4.582000	0.275009
4.583000	0.249699
4.584000	0.213763
4.585000	0.179889
4.586000	0.152840
4.587000	0.133423
4.588000	0.125921
4.589000	0.130847
4.590000	0.152325
4.591000	0.177924
4.592000	0.210672
4.593000	0.245899
4.594000	0.273205
4.595000	0.297839
4.596000	0.309431
4.597000	0.306694
4.598000	0.290722
4.599000	0.267055
4.600000	0.237914
4.601000	0.200690
4.602000	0.168844
4.603000	0.143599
4.604000	0.128980
4.605000	0.124118
4.606000	0.137223
4.607000	0.160955
4.608000	0.186361
4.609000	0.221427
4.610000	0.255109
4.611000	0.282511
4.612000	0.302894
4.613000	0.309431
4.614000	0.304472
4.615000	0.284250
4.616000	0.259263
4.617000	0.225227
4.618000	0.188325
4.619000	0.160407
4.620000	0.138318
4.621000	0.125889
4.622000	0.128207
4.623000	0.144694
4.624000	0.168264
4.625000	0.196987
4.626000	0.234050
4.627000	0.265960
4.628000	0.291817
4.629000	0.306887
4.630000	0.311009
4.631000	0.299771
4.632000	0.275910
4.633000	0.249892
4.634000	0.213699
4.635000	0.180436
4.636000	0.154611
4.637000	0.134357
4.638000	0.127144
4.639000	0.133327
4.640000	0.153903
4.641000	0.178536
4.642000	0.212186
4.643000	0.248411
4.644000	0.276458
4.645000	0.300061
4.646000	0.312168
4.647000	0.310558
4.648000	0.294458
4.649000	0.270662
4.650000	0.241102
4.651000	0.203781
4.652000	0.172322
4.653000	0.147592
4.654000	0.132168
4.655000	0.128368
4.656000	0.141345
4.657000	0.164336
4.658000	0.189645
4.659000	0.225195
4.660000	0.259520
4.661000	0.286826
4.662000	0.306340
4.663000	0.314325
4.664000	0.309721
4.665000	0.288565
4.666000	0.263094
4.667000	0.228865
4.668000	0.192543
4.669000	0.165398
4.670000	0.142633
4.671000	0.130010
4.672000	0.133456
4.673000	0.149685
4.674000	0.172000
4.675000	0.201495
4.676000	0.239073
4.677000	0.271499
4.678000	0.296454
4.679000	0.311041
4.680000	0.316193
4.681000	0.304569
4.682000	0.280418
4.683000	0.253692
4.684000	0.217499
4.685000	0.184783
4.686000	0.159280
4.687000	0.137610
4.688000	0.131685
4.689000	0.137191
4.690000	0.157059
4.691000	0.181982
4.692000	0.216178
4.693000	0.252565
4.694000	0.280322
4.695000	0.302476
4.696000	0.315903
4.697000	0.314712
4.698000	0.296680
4.699000	0.273238
4.700000	0.243420
4.701000	0.207484
4.702000	0.176186
4.703000	0.149652
4.704000	0.135678
4.705000	0.132168
4.706000	0.142923
4.707000	0.166236
4.708000	0.192930
4.709000	0.228479
4.710000	0.262289
4.711000	0.287953
4.712000	0.309044
4.713000	0.316483
4.714000	0.310687
4.715000	0.290143
4.716000	0.264576
4.717000	0.231184
4.718000	0.194701
4.719000	0.166590
4.720000	0.144275
4.721000	0.131781
4.722000	0.133359
4.723000	0.150457
4.724000	0.173996
4.725000	0.203137
4.726000	0.239395
4.727000	0.270533
4.728000	0.296036
4.729000	0.311621
4.730000	0.315935
4.731000	0.303281
4.732000	0.280000
4.733000	0.253370
4.734000	0.217853
4.735000	0.184139
4.736000	0.157992
4.737000	0.137513
4.738000	0.131202
4.739000	0.136322
4.740000	0.156254
4.741000	0.181917
4.742000	0.215309
4.743000	0.251438
4.744000	0.278196
4.745000	0.302057
4.746000	0.314969
4.747000	0.311814
4.748000	0.295327
4.749000	0.272175
4.750000	0.243034
4.751000	0.207098
4.752000	0.174898
4.753000	0.148719
4.754000	0.135678
4.755000	0.130751
4.756000	0.142923
4.757000	0.166429
4.758000	0.192865
4.759000	0.227835
4.760000	0.261162
4.761000	0.287760
4.762000	0.308916
4.763000	0.315130
4.764000	0.310107
4.765000	0.291077
4.766000	0.265509
4.767000	0.232794
4.768000	0.195377
4.769000	0.167073
4.770000	0.145982
4.771000	0.132908
4.772000	0.134357
4.773000	0.152196
4.774000	0.175348
4.775000	0.203427
4.776000	0.239041
4.777000	0.270018
4.778000	0.296486
4.779000	0.310139
4.780000	0.314164
4.781000	0.303023
4.782000	0.279581
4.783000	0.252307
4.784000	0.216114
4.785000	0.181756
4.786000	0.156994
4.787000	0.136644
4.788000	0.128690
4.789000	0.135806
4.790000	0.154483
4.791000	0.178794
4.792000	0.211381
4.793000	0.247574
4.794000	0.275137
4.795000	0.297742
4.796000	0.309656
4.797000	0.308239
4.798000	0.291527
4.799000	0.266862
4.800000	0.237849
4.801000	0.201527
4.802000	0.171162
4.803000	0.145563
4.804000	0.130364
4.805000	0.126855
4.806000	0.138898
4.807000	0.160794
4.808000	0.187166
4.809000	0.222200
4.810000	0.255173
4.811000	0.281964
4.812000	0.301735
4.813000	0.309044
4.814000	0.303570
4.815000	0.283574
4.816000	0.258586
4.817000	0.225291
4.818000	0.188196
4.819000	0.161180
4.820000	0.138994
4.821000	0.126726
4.822000	0.129237
4.823000	0.145563
4.824000	0.168715
4.825000	0.197534
4.826000	0.234468
4.827000	0.266121
4.828000	0.291785
4.829000	0.306018
4.830000	0.311427
4.831000	0.300125
4.832000	0.276136
4.833000	0.249667
4.834000	0.213924
4.835000	0.181434
4.836000	0.156994
4.837000	0.135517
4.838000	0.129270
4.839000	0.136161
4.840000	0.154901
4.841000	0.179953
4.842000	0.213828
4.843000	0.251019
4.844000	0.278776
4.845000	0.300672
4.846000	0.313939
4.847000	0.313359
4.848000	0.295166
4.849000	0.270951
4.850000	0.242454
4.851000	0.206357
4.852000	0.176733
4.853000	0.150007
4.854000	0.135549
4.855000	0.133134
4.856000	0.143631
4.857000	0.167041
4.858000	0.194347
4.859000	0.230669
4.860000	0.263867
4.861000	0.288823
4.862000	0.310912
4.863000	0.319799
4.864000	0.312265
4.865000	0.291946
4.866000	0.268375
4.867000	0.235370
4.868000	0.199466
4.869000	0.170808
4.870000	0.148042
4.871000	0.137416
4.872000	0.138254
4.873000	0.155577
4.874000	0.180243
4.875000	0.209513
4.876000	0.245738
4.877000	0.276941
4.878000	0.303603
4.879000	0.318801
4.880000	0.322053
4.881000	0.310977
4.882000	0.288018
4.883000	0.261388
4.884000	0.224808
4.885000	0.191062
4.886000	0.165527
4.887000	0.145273
4.888000	0.137771
4.889000	0.144468
4.890000	0.165012
4.891000	0.189903
4.892000	0.223424
4.893000	0.260035
4.894000	0.288275
4.895000	0.311460
4.896000	0.324243
4.897000	0.322794
4.898000	0.305052
4.899000	0.282093
4.900000	0.252629
4.901000	0.216146
4.902000	0.184944
4.903000	0.158572
4.904000	0.144951
4.905000	0.141345
4.906000	0.152776
4.907000	0.176926
4.908000	0.203620
4.909000	0.239459
4.910000	0.272916
4.911000	0.299095
4.912000	0.320798
4.913000	0.327624
4.914000	0.321570
4.915000	0.301832
4.916000	0.276876
4.917000	0.243259
4.918000	0.206229
4.919000	0.177119
4.920000	0.156060
4.921000	0.143438
4.922000	0.144661
4.923000	0.163434
4.924000	0.187102
4.925000	0.216404
4.926000	0.251824
4.927000	0.283510
4.928000	0.310977
4.929000	0.325338
4.930000	0.328751
4.931000	0.318383
4.932000	0.295424
4.933000	0.267989
4.934000	0.231216
4.935000	0.196246
4.936000	0.171581
4.937000	0.151842
4.938000	0.143116
4.939000	0.151327
4.940000	0.171581
4.941000	0.195796
4.942000	0.228769
4.943000	0.266315
4.944000	0.295134
4.945000	0.318061
4.946000	0.329717
4.947000	0.329427
4.948000	0.311878
4.949000	0.286665
4.950000	0.256268
4.951000	0.219688
4.952000	0.189323
4.953000	0.163241
4.954000	0.147624
4.955000	0.144983
4.956000	0.156157
4.957000	0.178568
4.958000	0.205456
4.959000	0.241681
4.960000	0.275846
4.961000	0.301735
4.962000	0.321603
4.963000	0.329588
4.964000	0.323052
4.965000	0.302379
4.966000	0.276812
4.967000	0.243259
4.968000	0.206068
4.969000	0.177667
4.970000	0.154966
4.971000	0.142890
4.972000	0.144243
4.973000	0.161406
4.974000	0.185234
4.975000	0.214311
4.976000	0.250311
4.977000	0.281545
4.978000	0.307209
4.979000	0.322053
4.980000	0.326336
4.981000	0.314841
4.982000	0.290690
4.983000	0.263255
4.984000	0.227062
4.985000	0.192994
4.986000	0.168329
4.987000	0.147527
4.988000	0.140218
4.989000	0.147237
4.990000	0.166686
4.991000	0.190901
4.992000	0.223874
4.993000	0.261227
4.994000	0.289177
4.995000	0.310977
4.996000	0.323921
4.997000	0.323052
4.998000	0.304923
4.999000	0.279742
